runid,topic,ndcg@5,err@5
indri,151,0.21068,0.35707
indri,152,0.00000,0.00000
indri,153,0.02979,0.04647
indri,154,0.13121,0.18750
indri,155,0.06016,0.09297
indri,156,0.00000,0.00000
indri,157,0.00000,0.00000
indri,158,0.06667,0.13264
indri,159,0.00000,0.00000
indri,160,0.00000,0.00000
indri,161,0.00000,0.00000
indri,162,0.00000,0.00000
indri,163,0.00000,0.00000
indri,164,0.56445,0.96688
indri,165,0.00000,0.00000
indri,166,0.00000,0.00000
indri,167,0.00000,0.00000
indri,168,0.51477,0.48901
indri,169,0.00000,0.00000
indri,170,0.00000,0.00000
indri,171,0.04110,0.08813
indri,172,0.02557,0.05078
indri,173,0.19219,0.35547
indri,174,0.14607,0.23438
indri,175,0.16958,0.31250
indri,176,0.02261,0.06250
indri,177,0.27727,0.02734
indri,178,0.31565,0.32715
indri,179,0.00000,0.00000
indri,180,0.02261,0.06250
indri,181,0.03879,0.06250
indri,182,0.00000,0.00000
indri,183,0.00000,0.00000
indri,184,0.00000,0.00000
indri,185,0.00000,0.00000
indri,186,0.00000,0.00000
indri,187,0.00000,0.00000
indri,188,0.00000,0.00000
indri,189,0.00000,0.00000
indri,190,0.02104,0.03548
indri,191,0.34791,0.93828
indri,192,0.00000,0.00000
indri,193,0.43088,0.24683
indri,194,0.05544,0.08813
indri,195,0.16958,0.02083
indri,196,0.02557,0.05078
indri,197,0.15115,0.30644
indri,198,0.16958,0.31250
indri,199,0.01848,0.02734
indri,200,0.00000,0.00000
