runid,topic,ndcg@5,err@5
LTR,10003,0.04455,0.05703
LTR,1003,0.12786,0.05078
LTR,10033,0.15604,0.11597
LTR,10048,0.09075,0.15991
LTR,10063,0.13167,0.28710
LTR,10078,0.10026,0.03255
LTR,10093,0.14286,0.13264
LTR,10108,0.36831,0.26304
LTR,10123,0.08420,0.11068
LTR,10138,0.67249,0.27742
LTR,10153,0.68435,0.10278
LTR,10168,0.00000,0.00000
LTR,1018,0.20253,0.06641
LTR,10198,0.10522,0.03548
LTR,10213,0.30533,0.23706
LTR,10228,0.51252,0.28399
LTR,10243,0.47105,0.49117
LTR,10258,0.32429,0.20252
LTR,10273,0.12697,0.09180
LTR,10288,0.07666,0.06641
LTR,103,0.29625,0.20023
LTR,10303,0.30286,0.11597
LTR,10318,0.13562,0.09541
LTR,1033,0.21827,0.07520
LTR,10333,0.24858,0.22526
LTR,10348,0.02763,0.03548
LTR,10363,0.30478,0.09375
LTR,10378,0.26806,0.20602
LTR,10393,0.43661,0.30837
LTR,10408,0.20712,0.11499
LTR,10423,0.61643,0.25034
LTR,10438,0.19496,0.20196
LTR,10468,0.13614,0.10091
LTR,1048,0.35285,0.15309
LTR,10483,0.06313,0.12323
LTR,10498,0.05193,0.04647
LTR,10513,0.04869,0.01562
LTR,10528,0.54125,0.28934
LTR,10543,0.36762,0.18299
LTR,10573,0.42857,0.34642
LTR,10588,0.33916,0.18750
LTR,10603,0.05342,0.09576
LTR,10618,0.29988,0.29321
LTR,1063,0.05628,0.03125
LTR,10633,0.01272,0.01250
LTR,10648,0.00000,0.00000
LTR,10663,0.66422,0.41121
LTR,10678,0.56514,0.23992
LTR,10693,0.06622,0.04297
LTR,10708,0.23158,0.20573
LTR,10723,0.25772,0.10391
LTR,10738,0.13862,0.17970
LTR,10753,0.15169,0.07481
LTR,10768,0.06901,0.04647
LTR,1078,0.32578,0.18610
LTR,10783,0.36743,0.30837
LTR,10798,0.06016,0.11499
LTR,10813,0.12555,0.11011
LTR,10843,0.09441,0.07481
LTR,10858,0.20548,0.08813
LTR,10873,0.00000,0.00000
LTR,10888,0.22812,0.10278
LTR,10903,0.01843,0.01562
LTR,10918,0.38704,0.27742
LTR,1093,0.27386,0.15565
LTR,10933,0.23307,0.10553
LTR,10948,0.16074,0.14192
LTR,10963,0.09580,0.07520
LTR,10978,0.61346,0.15710
LTR,10993,0.15318,0.11499
LTR,11008,0.66084,0.19559
LTR,11023,0.06056,0.03548
LTR,11038,0.54035,0.20573
LTR,11053,0.43068,0.01562
LTR,11068,0.72147,0.28710
LTR,1108,0.28960,0.10175
LTR,11083,0.08956,0.09180
LTR,11098,0.68443,0.19766
LTR,11113,0.33674,0.06844
LTR,11128,0.00000,0.00000
LTR,11143,0.39506,0.23329
LTR,11158,0.08288,0.10059
LTR,11173,0.25691,0.16625
LTR,11203,0.26200,0.10606
LTR,11218,0.58458,0.15039
LTR,1123,0.36214,0.06478
LTR,11233,0.40562,0.21492
LTR,11248,0.15444,0.18020
LTR,11263,0.24424,0.24311
LTR,11278,0.38483,0.30723
LTR,11293,0.12087,0.15412
LTR,11308,0.41049,0.21289
LTR,11323,0.43467,0.20196
LTR,11338,0.46485,0.13062
LTR,11353,0.84094,0.60543
LTR,11368,0.28841,0.26334
LTR,1138,0.74088,0.30063
LTR,11383,0.04185,0.04590
LTR,11398,0.18042,0.10606
LTR,11413,0.41607,0.18750
LTR,11428,0.38011,0.48383
LTR,11443,0.26413,0.14453
LTR,11458,0.47477,0.13264
LTR,11473,0.25454,0.27742
LTR,11488,0.04869,0.01562
LTR,11518,0.06653,0.07422
LTR,1153,0.45159,0.51582
LTR,11533,0.54035,0.20573
LTR,11548,0.10400,0.03548
LTR,11563,0.29199,0.18218
LTR,11578,0.33045,0.13300
LTR,11593,0.35682,0.14876
LTR,11608,0.68844,0.57205
LTR,11623,0.14286,0.13264
LTR,11638,0.12715,0.24013
LTR,11653,0.25929,0.35547
LTR,11668,0.21332,0.09302
LTR,1168,0.45918,0.22479
LTR,11683,0.00875,0.01250
LTR,11698,0.43136,0.11597
LTR,11713,0.37686,0.22394
LTR,11728,0.36668,0.25943
LTR,11743,0.05181,0.11011
LTR,11758,0.11426,0.19766
LTR,11773,0.83970,0.94067
LTR,11788,0.28136,0.12041
LTR,118,0.14677,0.18506
LTR,11803,0.16589,0.08984
LTR,11818,0.08022,0.10391
LTR,1183,0.29176,0.18907
LTR,11833,0.14886,0.28399
LTR,11848,0.38357,0.16626
LTR,11863,0.13121,0.01250
LTR,11878,0.06415,0.10553
LTR,11893,0.11825,0.18750
LTR,11908,0.18210,0.05078
LTR,11923,0.07784,0.11597
LTR,11938,0.48531,0.28200
LTR,11953,0.38290,0.19766
LTR,11968,0.20548,0.08813
LTR,1198,0.17403,0.17805
LTR,11983,0.14717,0.10091
LTR,11998,0.63093,0.09375
LTR,12013,0.15533,0.23372
LTR,12028,0.01655,0.01250
LTR,12043,0.06901,0.04647
LTR,12058,0.08102,0.12422
LTR,12073,0.16881,0.13501
LTR,12088,0.01674,0.03125
LTR,12103,0.16423,0.17851
LTR,12118,0.07551,0.03750
LTR,1213,0.36428,0.13643
LTR,12133,0.17725,0.07715
LTR,12148,0.07785,0.06250
LTR,12163,0.37305,0.24013
LTR,12178,0.12411,0.10175
LTR,12193,0.71350,0.40375
LTR,12208,0.65682,0.26949
LTR,12223,0.37413,0.10645
LTR,12253,0.01484,0.02083
LTR,12268,0.08703,0.01562
LTR,1228,0.02026,0.01250
LTR,12283,0.03275,0.05688
LTR,12298,0.27247,0.20443
LTR,12313,0.61315,0.06250
LTR,12328,0.00000,0.00000
LTR,12358,0.40120,0.15039
LTR,12373,0.28464,0.09937
LTR,12388,0.00000,0.00000
LTR,12403,0.06099,0.08203
LTR,12418,0.09139,0.12020
LTR,1243,0.11506,0.04297
LTR,12433,0.35089,0.27743
LTR,12448,0.26639,0.47379
LTR,12463,0.10215,0.23769
LTR,12478,0.19613,0.28474
LTR,12493,0.30079,0.09297
LTR,12508,0.13528,0.12323
LTR,12523,0.12678,0.07481
LTR,12538,0.44308,0.29579
LTR,12553,0.05653,0.02083
LTR,1258,0.81515,0.31960
LTR,12583,0.24573,0.20699
LTR,12598,0.03531,0.06451
LTR,12613,0.12389,0.06250
LTR,12628,0.28464,0.12041
LTR,12643,0.03353,0.01562
LTR,12658,0.28026,0.07422
LTR,12688,0.56514,0.23992
LTR,12703,0.11305,0.06250
LTR,12718,0.28002,0.45152
LTR,1273,0.17397,0.13264
LTR,12733,0.24668,0.24311
LTR,12748,0.09142,0.09302
LTR,12763,0.15899,0.16929
LTR,12778,0.20520,0.25026
LTR,12793,0.12199,0.09937
LTR,12808,0.68642,0.23329
LTR,12823,0.06667,0.11067
LTR,12853,0.15169,0.07481
LTR,12868,0.14149,0.08813
LTR,1288,0.27187,0.18299
LTR,12883,0.02256,0.01562
LTR,12913,0.10058,0.04688
LTR,12928,0.00000,0.00000
LTR,12943,0.08407,0.04688
LTR,12958,0.09049,0.15195
LTR,12973,0.68435,0.10278
LTR,12988,0.00000,0.00000
LTR,13,0.32570,0.29193
LTR,13003,0.05792,0.12298
LTR,13018,0.55743,0.24860
LTR,1303,0.26321,0.19383
LTR,13033,0.07799,0.10286
LTR,13048,0.19601,0.12041
LTR,13063,0.21192,0.09541
LTR,13078,0.12113,0.12109
LTR,13093,0.04875,0.03548
LTR,13108,0.04645,0.03255
LTR,13123,0.54169,0.24146
LTR,13138,0.48347,0.29435
LTR,13153,0.76122,0.71228
LTR,13168,0.48148,0.29462
LTR,1318,0.39210,0.58104
LTR,13183,0.32142,0.10606
LTR,13198,0.00000,0.00000
LTR,13213,0.22812,0.10278
LTR,13228,0.17094,0.04590
LTR,13243,0.10104,0.02083
LTR,13258,0.06364,0.02734
LTR,13273,0.10522,0.03548
LTR,13288,0.40120,0.15039
LTR,133,0.07818,0.01250
LTR,13303,0.00000,0.00000
LTR,13318,0.06653,0.07422
LTR,1333,0.39569,0.20443
LTR,13333,0.81515,0.31960
LTR,13348,0.41618,0.03255
LTR,13363,0.00000,0.00000
LTR,13378,0.11049,0.15195
LTR,13393,0.18302,0.13216
LTR,13408,0.11854,0.13329
LTR,13423,0.07164,0.08813
LTR,13438,0.54176,0.24013
LTR,13453,0.27923,0.17351
LTR,13468,0.06901,0.04647
LTR,1348,0.39457,0.13184
LTR,13483,0.30134,0.50636
LTR,13498,0.00000,0.00000
LTR,13513,0.46253,0.15977
LTR,13528,0.09178,0.12476
LTR,13543,0.16361,0.17742
LTR,13558,0.13068,0.21795
LTR,13573,0.18438,0.09180
LTR,13588,0.24747,0.10884
LTR,13603,0.11677,0.06250
LTR,13618,0.16072,0.12476
LTR,1363,0.28003,0.28516
LTR,13648,0.36376,0.30367
LTR,13663,0.62572,0.50403
LTR,13678,0.26262,0.09180
LTR,13693,0.66886,0.14192
LTR,13708,0.07824,0.13264
LTR,13723,0.04543,0.04590
LTR,13738,0.60859,0.45288
LTR,13753,0.57183,0.31473
LTR,13768,0.05896,0.07886
LTR,1378,0.14886,0.28399
LTR,13798,0.09989,0.10553
LTR,13813,0.26262,0.09180
LTR,13828,0.18042,0.10606
LTR,13843,0.51571,0.23992
LTR,13858,0.48354,0.11068
LTR,13873,0.41049,0.21289
LTR,13888,0.45651,0.14638
LTR,13903,0.19499,0.19766
LTR,13918,0.00000,0.00000
LTR,1393,0.61553,0.94553
LTR,13933,0.27985,0.10278
LTR,13948,0.14286,0.11067
LTR,13963,0.30334,0.11583
LTR,13978,0.59688,0.27192
LTR,13993,0.27725,0.26502
LTR,14008,0.39350,0.32994
LTR,14023,0.43071,0.15710
LTR,14038,0.27805,0.14009
LTR,14053,0.00000,0.00000
LTR,14068,0.42836,0.28399
LTR,1408,0.15877,0.17122
LTR,14083,0.09035,0.10645
LTR,14098,0.12525,0.15710
LTR,14113,0.20919,0.22526
LTR,14128,0.28695,0.17805
LTR,14143,0.45442,0.30885
LTR,14158,0.15079,0.10606
LTR,14173,0.03490,0.04590
LTR,14188,0.12221,0.20443
LTR,14203,0.09989,0.10553
LTR,14218,0.02763,0.03548
LTR,1423,0.68286,0.94415
LTR,14233,0.13857,0.25157
LTR,14248,0.13776,0.11068
LTR,14263,0.00000,0.00000
LTR,14278,0.37506,0.14192
LTR,14293,0.00000,0.00000
LTR,14323,0.35938,0.13216
LTR,14338,0.17084,0.26367
LTR,14353,0.02624,0.03750
LTR,14368,0.21075,0.14966
LTR,1438,0.68642,0.23329
LTR,14383,0.00000,0.00000
LTR,14398,0.44112,0.31164
LTR,14413,0.21430,0.18020
LTR,14428,0.37232,0.26502
LTR,14443,0.24747,0.13216
LTR,14458,0.10798,0.10553
LTR,14473,0.13193,0.08374
LTR,14488,0.63093,0.03125
LTR,14503,0.25100,0.24013
LTR,14518,0.21624,0.16229
LTR,1453,0.00000,0.00000
LTR,14548,0.36762,0.18299
LTR,14563,0.00000,0.00000
LTR,14578,0.24789,0.13329
LTR,14593,0.28247,0.27743
LTR,14608,0.11963,0.11239
LTR,14623,0.11656,0.06641
LTR,14638,0.44994,0.28516
LTR,14653,0.06989,0.12666
LTR,14668,0.59038,0.25157
LTR,1468,0.00000,0.00000
LTR,14683,0.13787,0.16625
LTR,14698,0.00000,0.00000
LTR,14713,0.21332,0.07266
LTR,14728,0.30079,0.11499
LTR,14743,0.63093,0.03125
LTR,14758,0.03707,0.04590
LTR,14773,0.01558,0.01562
LTR,14788,0.25290,0.15286
LTR,148,0.00000,0.00000
LTR,14803,0.09024,0.07422
LTR,14818,0.19496,0.12852
LTR,1483,0.03353,0.01562
LTR,14833,0.52963,0.19973
LTR,14848,0.00000,0.00000
LTR,14863,0.23510,0.15977
LTR,14878,0.00000,0.00000
LTR,14893,0.46331,0.34642
LTR,14908,0.01327,0.02083
LTR,14923,0.07785,0.06250
LTR,14938,0.06564,0.04647
LTR,14953,0.06497,0.11583
LTR,14968,0.47105,0.49117
LTR,1498,0.20321,0.24587
LTR,14983,0.48484,0.12258
LTR,14998,0.00000,0.00000
LTR,15013,0.43068,0.04688
LTR,15028,0.18525,0.15485
LTR,15043,0.14116,0.04297
LTR,15058,0.00000,0.00000
LTR,15073,0.00000,0.00000
LTR,15088,0.60967,0.27743
LTR,15103,0.34263,0.31272
LTR,15118,0.35590,0.19383
LTR,1513,0.51204,0.37491
LTR,15133,0.63995,0.26304
LTR,15148,0.29295,0.11011
LTR,15163,0.21389,0.15977
LTR,15178,0.11622,0.13264
LTR,15193,0.06630,0.11011
LTR,15208,0.14795,0.20252
LTR,15223,0.03428,0.04688
LTR,15238,0.12891,0.11499
LTR,15253,0.01846,0.02083
LTR,15268,0.19823,0.15977
LTR,1528,0.11374,0.04297
LTR,15283,0.07914,0.20443
LTR,15298,0.00000,0.00000
LTR,15313,0.06667,0.13264
LTR,15328,0.37211,0.14101
LTR,15343,0.74295,0.30132
LTR,15358,0.00000,0.00000
LTR,15373,0.22937,0.14936
LTR,15388,0.00000,0.00000
LTR,15403,0.20276,0.18610
LTR,15418,0.36581,0.30885
LTR,1543,0.39492,0.07734
LTR,15433,0.08549,0.11583
LTR,15448,0.44438,0.21633
LTR,15463,0.06721,0.09297
LTR,15478,0.33750,0.42252
LTR,15493,0.05653,0.02083
LTR,15508,0.42033,0.16626
LTR,15523,0.18760,0.31164
LTR,15538,0.36428,0.13643
LTR,15568,0.31565,0.03548
LTR,1558,0.17182,0.07422
LTR,15583,0.28800,0.35865
LTR,15598,0.09171,0.09375
LTR,15613,0.12037,0.27399
LTR,15628,0.41607,0.18750
LTR,15643,0.15708,0.10278
LTR,15658,0.48982,0.32230
LTR,15673,0.13407,0.15710
LTR,15688,0.24998,0.10278
LTR,15703,0.15118,0.10645
LTR,15718,0.51818,0.17384
LTR,1573,0.18083,0.17791
LTR,15733,0.02969,0.06250
LTR,15748,0.00000,0.00000
LTR,15763,0.23323,0.05688
LTR,15778,0.74429,0.28399
LTR,15793,0.26275,0.19269
LTR,15808,0.01131,0.02083
LTR,15823,0.90262,0.33217
LTR,15838,0.32627,0.29208
LTR,15853,0.03305,0.03125
LTR,15868,0.17799,0.17122
LTR,1588,0.30657,0.02083
LTR,15883,0.26200,0.10606
LTR,15898,0.01278,0.01562
LTR,15913,0.18628,0.11068
LTR,15928,0.27247,0.20443
LTR,15943,0.00000,0.00000
LTR,15958,0.00000,0.00000
LTR,15973,0.15801,0.28172
LTR,15988,0.06353,0.10091
LTR,16003,0.08265,0.04590
LTR,16018,0.14059,0.13300
LTR,1603,0.18313,0.17519
LTR,16033,0.58016,0.39380
LTR,16048,0.12786,0.05078
LTR,16063,0.03136,0.07422
LTR,16078,0.19389,0.23600
LTR,16093,0.23174,0.15789
LTR,16108,0.50768,0.14966
LTR,16123,0.62315,0.52460
LTR,16138,0.07680,0.07481
LTR,16153,0.28092,0.22526
LTR,16168,0.09119,0.08984
LTR,1618,0.33380,0.09334
LTR,16183,0.86169,0.21633
LTR,16198,1.00000,0.09180
LTR,16228,0.16049,0.10553
LTR,16243,0.22272,0.12555
LTR,16258,0.64269,0.22701
LTR,16273,0.06056,0.03548
LTR,16288,0.00000,0.00000
LTR,163,0.02066,0.01562
LTR,16303,0.00000,0.00000
LTR,16318,0.29765,0.17742
LTR,1633,0.82078,0.22479
LTR,16333,0.04374,0.01250
LTR,16348,0.04661,0.10553
LTR,16378,0.08229,0.07520
LTR,16393,0.13136,0.26949
LTR,16408,0.40726,0.37946
LTR,16423,0.85034,0.07422
LTR,16438,0.72039,0.52419
LTR,16468,0.16382,0.12041
LTR,1648,0.40265,0.15789
LTR,16483,0.20208,0.06250
LTR,16498,0.34519,0.04297
LTR,16513,0.21095,0.31164
LTR,16528,0.08265,0.04590
LTR,16543,0.10654,0.01250
LTR,16558,0.10026,0.03255
LTR,16573,0.04737,0.07481
LTR,16588,0.12388,0.05078
LTR,16603,0.21827,0.07520
LTR,16618,0.47494,0.20229
LTR,1663,0.25528,0.51953
LTR,16633,0.43495,0.30644
LTR,16648,0.04600,0.04647
LTR,16663,0.00000,0.00000
LTR,16678,0.23976,0.24829
LTR,16693,0.16375,0.05688
LTR,16708,0.16958,0.02083
LTR,16723,0.00000,0.00000
LTR,16738,0.66084,0.07481
LTR,16753,0.61308,0.26223
LTR,16768,0.58458,0.15039
LTR,1678,0.14067,0.12298
LTR,16783,0.16655,0.15039
LTR,16798,0.14908,0.13661
LTR,16813,0.52963,0.17548
LTR,16828,0.00000,0.00000
LTR,16843,0.00000,0.00000
LTR,16858,0.37835,0.30132
LTR,16888,0.14607,0.01562
LTR,16918,0.04587,0.09302
LTR,1693,0.49146,0.32505
LTR,16933,0.03942,0.06250
LTR,16948,0.23037,0.07715
LTR,16963,0.06667,0.13264
LTR,16993,0.17373,0.20196
LTR,17008,0.15775,0.23769
LTR,17023,0.00000,0.00000
LTR,17038,0.04144,0.06451
LTR,17053,0.16958,0.02083
LTR,17068,0.13381,0.06250
LTR,1708,0.25383,0.21947
LTR,17083,0.22812,0.10278
LTR,17098,0.26407,0.01562
LTR,17113,0.03027,0.03125
LTR,17128,0.07604,0.12298
LTR,17143,0.11138,0.07715
LTR,17158,0.42563,0.22241
LTR,17173,0.63789,0.70213
LTR,17188,0.07439,0.04688
LTR,17203,0.00000,0.00000
LTR,17218,0.03428,0.04688
LTR,1723,0.04374,0.01250
LTR,17233,0.18698,0.32094
LTR,17248,0.11116,0.09576
LTR,17263,0.16037,0.14192
LTR,17278,0.11816,0.06177
LTR,17293,0.09035,0.03750
LTR,17308,0.68860,0.34642
LTR,17323,0.30079,0.09297
LTR,17338,0.04875,0.03548
LTR,17353,0.61643,0.25034
LTR,17368,0.20919,0.16121
LTR,1738,0.54370,0.30885
LTR,17383,0.07785,0.06250
LTR,17398,0.13951,0.06478
LTR,17413,0.15169,0.07481
LTR,17428,0.15685,0.05078
LTR,17443,0.17799,0.17122
LTR,17458,0.04027,0.06177
LTR,17473,0.16323,0.04647
LTR,17488,0.01148,0.01250
LTR,17503,0.64691,0.26502
LTR,17518,0.21332,0.09302
LTR,1753,0.22740,0.33369
LTR,17533,0.13121,0.08750
LTR,17548,0.13343,0.10606
LTR,17563,0.41791,0.28951
LTR,17578,0.85734,0.30837
LTR,17593,0.58549,0.24787
LTR,17623,0.14285,0.15977
LTR,17638,0.23673,0.31164
LTR,17653,0.53067,0.50800
LTR,17668,0.11080,0.10278
LTR,1768,0.23174,0.15789
LTR,17683,0.50003,0.18020
LTR,17698,0.50880,0.12041
LTR,17713,0.24747,0.13216
LTR,17728,0.24794,0.13184
LTR,17743,0.08949,0.06844
LTR,17758,0.00000,0.00000
LTR,17773,0.22474,0.13062
LTR,17788,0.22331,0.07422
LTR,178,0.08407,0.04688
LTR,17803,0.25302,0.25157
LTR,17818,0.10295,0.13264
LTR,1783,0.04453,0.06250
LTR,17833,0.37444,0.18746
LTR,17848,0.59826,0.33007
LTR,17863,0.25912,0.10645
LTR,17878,0.26200,0.08472
LTR,17893,0.67651,0.22943
LTR,17908,0.07785,0.06250
LTR,17923,0.15708,0.10278
LTR,17938,0.15679,0.07422
LTR,17968,0.24065,0.12666
LTR,1798,0.12002,0.04590
LTR,17983,0.37077,0.15991
LTR,17998,0.00000,0.00000
LTR,18043,0.79994,0.54344
LTR,18058,0.00000,0.00000
LTR,18073,0.00000,0.00000
LTR,18088,0.00000,0.00000
LTR,18103,0.44639,0.16625
LTR,18118,0.16958,0.06250
LTR,1813,0.25906,0.08374
LTR,18133,0.06364,0.02734
LTR,18148,0.12750,0.03125
LTR,18178,0.21399,0.03125
LTR,18193,0.50428,0.95093
LTR,18208,0.12980,0.11597
LTR,18223,0.17919,0.04688
LTR,18238,0.28093,0.47303
LTR,18253,0.35938,0.10884
LTR,18268,0.81975,0.95471
LTR,1828,0.49329,0.27874
LTR,18283,0.00000,0.00000
LTR,18298,0.28464,0.09937
LTR,18343,0.03519,0.05078
LTR,18358,0.00000,0.00000
LTR,18373,0.06803,0.07481
LTR,18388,0.02140,0.02083
LTR,18403,0.02855,0.02734
LTR,18418,0.16375,0.05688
LTR,1843,0.09242,0.02734
LTR,18433,0.14195,0.22526
LTR,18448,0.00000,0.00000
LTR,18463,0.12002,0.04590
LTR,18478,0.04996,0.07715
LTR,18493,1.00000,0.09180
LTR,18508,0.85393,0.32505
LTR,18523,0.34995,0.22142
LTR,18538,0.23665,0.40395
LTR,18553,0.02950,0.02083
LTR,18568,0.28582,0.19800
LTR,1858,0.28954,0.31473
LTR,18583,0.30312,0.06250
LTR,18598,0.20846,0.15659
LTR,18613,0.83918,0.52344
LTR,18628,0.06078,0.12109
LTR,18643,0.09242,0.02734
LTR,18658,0.06935,0.01562
LTR,18673,0.00000,0.00000
LTR,18688,0.22463,0.12996
LTR,18703,0.28026,0.07422
LTR,18718,0.06935,0.01562
LTR,1873,0.00000,0.00000
LTR,18733,0.30738,0.16625
LTR,18748,0.20211,0.01562
LTR,18763,0.57558,0.24311
LTR,18778,0.37211,0.11841
LTR,18793,0.35902,0.26823
LTR,18808,0.46340,0.26334
LTR,18823,0.20208,0.06250
LTR,18838,0.03961,0.02734
LTR,18853,0.08636,0.08203
LTR,18868,0.46914,0.31960
LTR,1888,0.30738,0.16625
LTR,18883,0.16958,0.06250
LTR,18898,0.07459,0.09334
LTR,18913,0.11305,0.06250
LTR,18928,0.65341,0.28516
LTR,18943,0.09390,0.09180
LTR,18958,0.05478,0.09198
LTR,18973,0.00000,0.00000
LTR,18988,0.15708,0.10278
LTR,19003,0.00000,0.00000
LTR,19018,0.71211,0.58406
LTR,1903,0.02087,0.01562
LTR,19033,0.07442,0.14101
LTR,19048,0.23139,0.20767
LTR,19063,0.03800,0.04297
LTR,19078,0.06049,0.10391
LTR,19093,0.10325,0.11011
LTR,19108,0.02474,0.04297
LTR,19123,0.08991,0.06451
LTR,19138,0.00000,0.00000
LTR,19153,0.10612,0.09180
LTR,19168,0.20047,0.16454
LTR,1918,0.28977,0.12852
LTR,19183,0.18034,0.15195
LTR,19198,0.63917,0.50645
LTR,19213,0.10325,0.11011
LTR,19228,0.23469,0.10938
LTR,19243,0.42448,0.25034
LTR,19258,0.26620,0.15977
LTR,19273,0.00000,0.00000
LTR,19288,0.05536,0.11583
LTR,193,0.17916,0.21997
LTR,19303,0.18459,0.15710
LTR,19318,0.07740,0.12555
LTR,1933,0.00000,0.00000
LTR,19333,0.04543,0.04590
LTR,19348,0.69172,0.14873
LTR,19363,0.33901,0.21492
LTR,19378,0.03892,0.02083
LTR,19393,0.58458,0.15039
LTR,19408,0.09470,0.04590
LTR,19423,0.10088,0.05078
LTR,19438,0.13121,0.01250
LTR,19453,0.00000,0.00000
LTR,19468,0.42857,0.34642
LTR,1948,0.00000,0.00000
LTR,19483,0.07268,0.06250
LTR,19498,0.19061,0.11583
LTR,19513,0.47020,0.21875
LTR,19528,0.20253,0.06641
LTR,19543,0.10677,0.18299
LTR,19558,0.27051,0.11068
LTR,19573,0.69921,0.29462
LTR,19603,0.05561,0.04590
LTR,19618,0.29578,0.47005
LTR,1963,0.29271,0.05688
LTR,19633,0.12082,0.12258
LTR,19663,0.04105,0.03125
LTR,19678,0.04869,0.01562
LTR,19693,0.22953,0.13264
LTR,19708,0.04966,0.03750
LTR,19723,0.30478,0.09375
LTR,19738,0.12300,0.03255
LTR,19768,0.09174,0.13264
LTR,1978,0.40203,0.27593
LTR,19783,0.07188,0.10884
LTR,19798,0.24091,0.08984
LTR,19813,0.00000,0.00000
LTR,19828,0.04587,0.09302
LTR,19843,0.39396,0.31300
LTR,19858,0.01216,0.02083
LTR,19873,0.30324,0.23299
LTR,19888,0.21827,0.09576
LTR,19903,0.34432,0.18020
LTR,19918,0.27498,0.19670
LTR,1993,0.81515,0.31960
LTR,19933,0.16375,0.05688
LTR,19948,0.11161,0.11011
LTR,19963,0.21327,0.20252
LTR,19978,0.00000,0.00000
LTR,19993,0.10443,0.15565
LTR,20008,0.50880,0.12041
LTR,20023,0.43062,0.11011
LTR,20038,0.00000,0.00000
LTR,20053,0.47599,0.18579
LTR,20068,0.23037,0.07715
LTR,2008,0.08549,0.11583
LTR,20083,1.00000,0.34642
LTR,20098,0.07960,0.18750
LTR,20113,0.18226,0.09180
LTR,20128,0.59822,0.25554
LTR,20143,0.01848,0.02734
LTR,20158,0.38357,0.16626
LTR,20173,0.48148,0.29462
LTR,20188,0.05792,0.12298
LTR,20203,0.10145,0.17742
LTR,20218,0.00000,0.00000
LTR,2023,0.18496,0.20972
LTR,20233,0.44438,0.21633
LTR,20248,0.00000,0.00000
LTR,20263,0.03835,0.04688
LTR,20293,0.40513,0.11876
LTR,20308,0.18042,0.10606
LTR,20323,0.62782,0.22121
LTR,20338,0.00000,0.00000
LTR,20353,0.13889,0.23384
LTR,20368,0.19942,0.10175
LTR,2038,0.27589,0.24013
LTR,20383,0.31973,0.22121
LTR,20398,0.05365,0.01250
LTR,20413,0.14162,0.13300
LTR,20428,0.65952,0.27399
LTR,20443,0.09340,0.22876
LTR,20458,0.14607,0.01562
LTR,20473,0.28464,0.09937
LTR,20488,1.00000,0.34642
LTR,20503,0.04315,0.07422
LTR,20518,0.16975,0.13264
LTR,2053,0.30798,0.25883
LTR,20533,0.10987,0.03255
LTR,20548,0.15785,0.25633
LTR,20563,0.00000,0.00000
LTR,20578,0.26010,0.23769
LTR,20593,0.17799,0.17122
LTR,20608,0.24091,0.11011
LTR,20623,0.88695,0.32529
LTR,20638,0.02879,0.02083
LTR,20668,0.50319,0.22479
LTR,2068,0.06622,0.04297
LTR,20683,0.37473,0.31225
LTR,20698,0.08179,0.06451
LTR,20713,0.54377,0.18746
LTR,20743,0.00000,0.00000
LTR,20758,0.22040,0.11499
LTR,20773,0.40562,0.21492
LTR,20788,0.07264,0.07422
LTR,208,0.83787,0.70723
LTR,20803,0.01856,0.01250
LTR,20818,0.01272,0.01250
LTR,2083,0.07046,0.10278
LTR,20848,0.51623,0.12852
LTR,20863,0.05653,0.02083
LTR,20878,0.17044,0.15565
LTR,20893,0.14022,0.13300
LTR,20908,0.25767,0.14192
LTR,20923,0.21553,0.23372
LTR,20938,0.00000,0.00000
LTR,20953,0.30775,0.20930
LTR,20968,0.30182,0.16786
LTR,2098,0.13431,0.11239
LTR,20983,0.16974,0.20767
LTR,20998,0.07268,0.08203
LTR,21013,0.31565,0.03548
LTR,21028,0.04419,0.08813
LTR,21043,0.48965,0.36015
LTR,21058,0.39482,0.18218
LTR,21073,0.14280,0.03255
LTR,21088,0.91253,0.33552
LTR,21103,0.07529,0.11011
LTR,21118,0.08416,0.12852
LTR,2113,0.07133,0.03125
LTR,21133,0.17592,0.21289
LTR,21148,0.35740,0.31331
LTR,21163,0.08179,0.06451
LTR,21178,0.12817,0.16121
LTR,21193,0.64691,0.26502
LTR,21208,0.13335,0.12020
LTR,21223,0.11816,0.06177
LTR,21238,0.69343,0.05078
LTR,21253,0.10883,0.13264
LTR,21268,0.34432,0.18020
LTR,2128,0.02802,0.01562
LTR,21283,0.19601,0.09937
LTR,21298,0.03842,0.01562
LTR,21313,0.09035,0.03750
LTR,21328,0.01131,0.02083
LTR,21343,0.19556,0.21704
LTR,21358,0.12817,0.22526
LTR,21373,0.36294,0.13151
LTR,21388,0.00000,0.00000
LTR,21403,0.39482,0.18218
LTR,21418,0.26952,0.20023
LTR,2143,0.24633,0.07430
LTR,21433,0.46848,0.94604
LTR,21448,0.28096,0.33217
LTR,21463,0.09171,0.09375
LTR,21478,0.00000,0.00000
LTR,21493,0.00000,0.00000
LTR,21508,0.85393,0.12041
LTR,21538,0.07223,0.09541
LTR,21553,0.59688,0.27192
LTR,21568,0.19425,0.30323
LTR,2158,0.42217,0.19269
LTR,21583,0.06907,0.04590
LTR,21598,0.03012,0.01250
LTR,21613,0.63093,0.03125
LTR,21628,0.07544,0.09766
LTR,21643,0.15084,0.22701
LTR,21658,0.22953,0.13264
LTR,21673,0.17764,0.22943
LTR,21688,0.33932,0.24609
LTR,21703,0.29659,0.15710
LTR,21718,0.19601,0.09937
LTR,2173,0.10353,0.05078
LTR,21733,0.06056,0.03548
LTR,21748,0.01327,0.02083
LTR,21763,0.50003,0.18020
LTR,21778,0.02817,0.04590
LTR,21793,0.10797,0.07422
LTR,21808,0.82473,0.53228
LTR,21823,0.00000,0.00000
LTR,21838,0.21430,0.18020
LTR,21853,0.03949,0.05078
LTR,21868,0.15101,0.15977
LTR,2188,0.04869,0.01562
LTR,21883,0.09794,0.06250
LTR,21898,0.76646,0.31164
LTR,21913,0.20208,0.06250
LTR,21928,0.40562,0.21492
LTR,21943,0.26400,0.08984
LTR,21958,0.07448,0.10278
LTR,21973,0.02256,0.01562
LTR,21988,0.32954,0.28371
LTR,22003,0.00000,0.00000
LTR,22018,0.31557,0.06451
LTR,2203,1.00000,0.06250
LTR,22033,0.23174,0.15789
LTR,22048,0.12388,0.05078
LTR,22063,0.12776,0.13062
LTR,22078,0.18980,0.05703
LTR,22093,0.52375,0.51247
LTR,22108,0.08007,0.02734
LTR,22138,0.00000,0.00000
LTR,22153,0.05319,0.02734
LTR,22168,0.30738,0.16625
LTR,2218,0.11073,0.18750
LTR,22183,0.05238,0.08203
LTR,22198,0.00000,0.00000
LTR,22213,0.00000,0.00000
LTR,22228,0.20927,0.45581
LTR,22243,0.07950,0.06177
LTR,22258,0.16877,0.13643
LTR,22273,0.00000,0.00000
LTR,22288,0.05792,0.10175
LTR,223,0.16958,0.02083
LTR,22303,0.38860,0.07520
LTR,22318,0.07515,0.12666
LTR,2233,0.43071,0.15710
LTR,22333,0.43071,0.15710
LTR,22348,0.83479,0.22876
LTR,22363,0.08202,0.12666
LTR,22378,0.26200,0.10606
LTR,22393,0.29541,0.26050
LTR,22408,0.19522,0.18001
LTR,22423,0.04869,0.01562
LTR,22438,0.05224,0.05703
LTR,22453,0.12139,0.10606
LTR,2248,0.03043,0.03125
LTR,22483,0.18313,0.17519
LTR,22498,1.00000,0.06250
LTR,22543,0.07188,0.13216
LTR,22558,0.03250,0.03548
LTR,22573,0.04996,0.07715
LTR,22588,0.17022,0.24489
LTR,22603,0.00000,0.00000
LTR,22618,0.02557,0.05078
LTR,2263,0.64269,0.22701
LTR,22633,0.24301,0.28399
LTR,22648,0.08063,0.11011
LTR,22663,0.17287,0.28710
LTR,22678,1.00000,0.18750
LTR,22693,0.12927,0.05599
LTR,22708,0.08384,0.14453
LTR,22723,0.40358,0.58406
LTR,22738,0.42080,0.15195
LTR,22753,0.02261,0.06250
LTR,22768,0.02916,0.03255
LTR,2278,0.08170,0.09334
LTR,22783,0.32797,0.26615
LTR,22798,0.09644,0.20972
LTR,22813,0.07566,0.06451
LTR,22828,0.28841,0.26334
LTR,22843,0.21957,0.27742
LTR,22858,0.10961,0.22876
LTR,22873,0.23720,0.01250
LTR,22888,0.74188,0.96779
LTR,22903,0.07566,0.06451
LTR,22918,0.26200,0.10606
LTR,2293,0.57183,0.31473
LTR,22933,1.00000,0.13264
LTR,22948,0.18438,0.09180
LTR,22963,0.02263,0.03548
LTR,22978,0.13468,0.12020
LTR,22993,0.02979,0.04647
LTR,23008,0.20726,0.10645
LTR,23023,0.08227,0.11239
LTR,23053,0.00000,0.00000
LTR,23068,0.03647,0.06250
LTR,2308,0.13865,0.11011
LTR,23083,0.48979,0.28371
LTR,23098,0.12825,0.11583
LTR,23113,0.09876,0.06177
LTR,23128,0.06353,0.10091
LTR,23143,0.55315,0.09180
LTR,23158,0.41194,0.25554
LTR,23173,0.28149,0.26949
LTR,23188,0.15170,0.14673
LTR,23203,0.18438,0.09180
LTR,23218,0.15397,0.29579
LTR,2323,0.05144,0.04590
LTR,23233,0.06681,0.09937
LTR,23248,0.01971,0.02083
LTR,23263,0.28960,0.12298
LTR,23278,0.11138,0.07715
LTR,23293,0.21982,0.49117
LTR,23308,0.03432,0.06177
LTR,23323,0.55656,0.24860
LTR,23338,0.21827,0.07520
LTR,23353,0.50355,0.36821
LTR,23368,0.50415,0.14673
LTR,2338,0.11413,0.07430
LTR,23383,0.18483,0.13151
LTR,23398,0.06056,0.03548
LTR,23413,0.22854,0.05078
LTR,23443,0.11189,0.24829
LTR,23458,0.83918,0.52344
LTR,23473,0.15878,0.22943
LTR,23488,0.08416,0.15195
LTR,23503,0.24899,0.23097
LTR,23518,0.58802,0.32505
LTR,2353,0.21673,0.23769
LTR,23533,0.20965,0.13643
LTR,23548,0.33333,0.13264
LTR,23563,0.09917,0.10606
LTR,23578,0.35938,0.10884
LTR,23593,0.86879,0.33007
LTR,23608,0.60184,0.27399
LTR,23623,0.34935,0.27319
LTR,23638,0.13121,0.03750
LTR,23653,0.30615,0.25633
LTR,23668,0.03519,0.06250
LTR,2368,0.01204,0.01250
LTR,23683,0.30109,0.32323
LTR,23698,0.77449,0.18746
LTR,23713,0.03392,0.06250
LTR,23728,0.67943,0.52036
LTR,23743,0.37234,0.33007
LTR,23758,0.07954,0.15565
LTR,23773,0.27897,0.11876
LTR,23788,0.27681,0.11583
LTR,238,0.09761,0.16504
LTR,23803,0.08804,0.05078
LTR,23818,0.15402,0.10884
LTR,23833,0.37305,0.24013
LTR,23848,0.09942,0.10645
LTR,23863,0.16375,0.05688
LTR,23878,0.53291,0.24587
LTR,23893,0.12155,0.19800
LTR,23908,0.62876,0.27017
LTR,23923,0.00000,0.00000
LTR,23938,0.00000,0.00000
LTR,23953,0.00000,0.00000
LTR,23968,0.20089,0.05688
LTR,2398,0.44685,0.12534
LTR,23983,0.20181,0.28516
LTR,23998,0.68642,0.23329
LTR,24013,0.00000,0.00000
LTR,24028,0.65481,0.09576
LTR,24043,0.29225,0.35044
LTR,24058,0.63946,0.44394
LTR,24088,0.16066,0.20647
LTR,24103,0.20548,0.08813
LTR,24118,0.20063,0.10376
LTR,2413,0.08944,0.12298
LTR,24133,0.10317,0.06478
LTR,24148,0.20583,0.21558
LTR,24163,0.46833,0.10606
LTR,24178,0.16375,0.05688
LTR,24193,0.30570,0.25633
LTR,24208,0.26907,0.22121
LTR,24223,0.10612,0.09180
LTR,24238,0.61075,0.32529
LTR,24253,0.13869,0.06250
LTR,24268,0.65153,0.28925
LTR,2428,0.05892,0.06478
LTR,24283,0.35170,0.23769
LTR,24298,0.36307,0.18922
LTR,24313,0.06714,0.07520
LTR,24328,0.18927,0.18020
LTR,24343,0.46181,0.35731
LTR,24358,0.00000,0.00000
LTR,24388,0.12997,0.15195
LTR,24403,0.23287,0.15356
LTR,24418,0.44673,0.21224
LTR,2443,0.28464,0.12041
LTR,24433,0.10132,0.06844
LTR,24448,0.05792,0.12298
LTR,24463,0.15444,0.13264
LTR,24478,0.00000,0.00000
LTR,24493,0.22427,0.24314
LTR,24508,0.25145,0.06451
LTR,24523,0.58549,0.24787
LTR,24538,0.46928,0.06250
LTR,24553,0.28960,0.12298
LTR,24568,0.16958,0.02083
LTR,2458,0.00000,0.00000
LTR,24583,0.35511,0.31164
LTR,24598,0.10677,0.18299
LTR,24613,0.13987,0.13062
LTR,24628,0.08937,0.12534
LTR,24643,0.02224,0.01250
LTR,24658,0.39770,0.15565
LTR,24673,0.16177,0.11328
LTR,24688,0.33578,0.11597
LTR,24703,0.21784,0.20976
LTR,24718,1.00000,0.11011
LTR,2473,0.66084,0.19559
LTR,24733,0.07358,0.05078
LTR,24748,0.18400,0.19057
LTR,24763,0.54370,0.30885
LTR,24778,0.36380,0.30837
LTR,24793,0.35643,0.49536
LTR,24808,0.54690,0.20731
LTR,24823,0.36330,0.20196
LTR,24853,0.05365,0.01250
LTR,24868,0.19849,0.14185
LTR,2488,0.55944,0.24829
LTR,24883,0.32777,0.18579
LTR,24898,1.00000,0.06250
LTR,24913,0.16520,0.23990
LTR,24928,0.11512,0.24311
LTR,24943,0.03892,0.02083
LTR,24958,0.00000,0.00000
LTR,24973,0.27530,0.30885
LTR,24988,0.68860,0.34642
LTR,25003,0.06667,0.13264
LTR,25018,0.18282,0.10091
LTR,2503,0.27897,0.11876
LTR,25033,0.04869,0.01562
LTR,25048,0.04869,0.01562
LTR,25063,0.08944,0.12298
LTR,25078,0.63271,0.14673
LTR,25093,0.04332,0.04647
LTR,25108,0.66084,0.07481
LTR,25123,0.00000,0.00000
LTR,25138,0.00000,0.00000
LTR,25153,0.12269,0.11011
LTR,25168,0.00000,0.00000
LTR,2518,0.37721,0.16959
LTR,25183,0.09760,0.08203
LTR,25198,0.92449,0.59237
LTR,25213,0.41049,0.21289
LTR,25228,0.31698,0.15412
LTR,25258,0.28960,0.10175
LTR,25273,0.09390,0.09180
LTR,25288,0.29659,0.15710
LTR,253,0.00000,0.00000
LTR,25303,0.55786,0.50523
LTR,25318,0.07952,0.03750
LTR,2533,0.25186,0.12258
LTR,25333,0.12997,0.15195
LTR,25348,0.03136,0.07422
LTR,25363,0.05770,0.03255
LTR,25378,0.13129,0.10278
LTR,25393,0.05653,0.02083
LTR,25408,0.09242,0.02734
LTR,25423,0.41361,0.53290
LTR,25438,0.01131,0.02083
LTR,25453,0.21888,0.16454
LTR,25468,0.25122,0.07886
LTR,2548,0.16958,0.06250
LTR,25483,0.47477,0.13264
LTR,25498,0.38033,0.22149
LTR,25513,0.00000,0.00000
LTR,25528,0.54536,0.19766
LTR,25543,0.21678,0.15405
LTR,25558,0.29765,0.17742
LTR,25573,0.13951,0.06478
LTR,25588,0.00000,0.00000
LTR,25603,0.20529,0.27017
LTR,25618,0.50357,0.21289
LTR,2563,0.03478,0.07715
LTR,25633,0.19850,0.22701
LTR,25648,0.00000,0.00000
LTR,25663,0.34519,0.04297
LTR,25678,0.12697,0.09180
LTR,25693,0.08341,0.10091
LTR,25708,0.00000,0.00000
LTR,25723,0.10161,0.06451
LTR,25738,0.38704,0.27742
LTR,25753,0.06122,0.07715
LTR,2578,0.12955,0.17122
LTR,25783,0.44685,0.12534
LTR,25798,0.42857,0.34642
LTR,25813,0.30600,0.15462
LTR,25828,0.57558,0.24311
LTR,25858,0.45520,0.27582
LTR,25873,0.25624,0.14101
LTR,25888,0.06609,0.09375
LTR,25903,0.11863,0.11583
LTR,2593,0.26707,0.20020
LTR,25933,0.17381,0.07481
LTR,25948,0.18042,0.10606
LTR,25963,0.03669,0.03548
LTR,25978,0.38357,0.05078
LTR,25993,0.15948,0.14101
LTR,26008,0.11696,0.16229
LTR,26023,0.26407,0.01562
LTR,26038,0.15318,0.11499
LTR,26053,0.45335,0.28710
LTR,26068,0.33916,0.06250
LTR,2608,0.10295,0.13264
LTR,26083,0.00000,0.00000
LTR,26098,0.00000,0.00000
LTR,26113,0.24854,0.06478
LTR,26128,0.36979,0.28951
LTR,26143,0.04869,0.01562
LTR,26158,0.00000,0.00000
LTR,26173,0.70717,0.59498
LTR,26188,0.01026,0.01250
LTR,26203,0.08750,0.03125
LTR,26218,0.00000,0.00000
LTR,2623,0.35447,0.19304
LTR,26233,0.11310,0.15710
LTR,26248,0.25383,0.29850
LTR,26263,0.08103,0.11876
LTR,26278,0.04869,0.01562
LTR,26293,0.17981,0.23992
LTR,26308,0.75574,0.30644
LTR,26323,0.66084,0.19559
LTR,26338,0.05764,0.06451
LTR,26353,0.52375,0.51247
LTR,26368,0.20905,0.21289
LTR,2638,0.60116,0.25633
LTR,26383,0.06741,0.07520
LTR,26398,0.08554,0.10606
LTR,26413,0.47599,0.18579
LTR,26428,0.00000,0.00000
LTR,26443,0.31797,0.24653
LTR,26458,0.07354,0.06177
LTR,26473,0.36581,0.30885
LTR,26488,0.02169,0.02734
LTR,26503,0.07484,0.14192
LTR,26518,0.44095,0.35186
LTR,2653,0.28765,0.29193
LTR,26533,0.67296,0.26334
LTR,26548,0.04374,0.01250
LTR,26563,0.06681,0.09937
LTR,26578,0.18034,0.15195
LTR,26593,0.33333,0.11067
LTR,26608,0.05973,0.01562
LTR,26623,0.37211,0.11841
LTR,26638,0.26777,0.09576
LTR,26653,0.57337,0.18218
LTR,26668,0.53173,0.07520
LTR,2668,1.00000,0.18750
LTR,26683,0.16488,0.18299
LTR,26698,0.47037,0.21797
LTR,26713,0.25233,0.18774
LTR,26728,0.04562,0.10278
LTR,26743,0.40209,0.30885
LTR,26758,0.27985,0.10278
LTR,26773,0.34631,0.23372
LTR,26788,0.28263,0.12109
LTR,268,0.22028,0.07481
LTR,26803,0.00000,0.00000
LTR,26818,0.12198,0.17122
LTR,2683,0.29089,0.25610
LTR,26833,0.36294,0.13151
LTR,26848,0.77142,0.31331
LTR,26863,0.23370,0.20767
LTR,26878,0.15525,0.18299
LTR,26893,0.04357,0.06478
LTR,26908,0.18980,0.05703
LTR,26923,0.62411,0.23828
LTR,26938,0.05319,0.02734
LTR,26953,0.05206,0.06250
LTR,26968,0.04374,0.01250
LTR,2698,0.05889,0.09375
LTR,26983,0.11467,0.18218
LTR,26998,0.08791,0.12041
LTR,27013,0.15402,0.13216
LTR,27028,0.47267,0.23329
LTR,27043,0.11694,0.18746
LTR,27058,0.79948,0.31272
LTR,27073,0.19184,0.13264
LTR,27088,0.27725,0.26502
LTR,27103,0.10026,0.03255
LTR,27118,0.34247,0.27742
LTR,2713,0.06511,0.05078
LTR,27133,0.14378,0.03750
LTR,27148,0.10353,0.05078
LTR,27163,0.12911,0.28172
LTR,27178,0.33333,0.13264
LTR,27193,0.63093,0.21875
LTR,27208,0.63391,0.39970
LTR,27223,0.43297,0.22770
LTR,27238,0.52779,0.31164
LTR,27253,0.05403,0.07886
LTR,27268,0.35512,0.23992
LTR,2728,0.00000,0.00000
LTR,27283,0.15990,0.31272
LTR,27298,0.21736,0.10059
LTR,27313,0.50699,0.32741
LTR,27328,1.00000,0.06250
LTR,27343,0.02619,0.02083
LTR,27358,0.40892,0.13264
LTR,27373,0.13607,0.06844
LTR,27388,0.37010,0.25072
LTR,27403,0.11049,0.15195
LTR,27418,0.00000,0.00000
LTR,2743,0.08636,0.06250
LTR,27433,0.27395,0.18579
LTR,27463,0.13725,0.15462
LTR,27478,0.66084,0.22149
LTR,27493,0.19295,0.21095
LTR,27508,0.29127,0.23329
LTR,27523,0.26321,0.19383
LTR,27538,0.10295,0.13264
LTR,27553,0.06120,0.10553
LTR,27568,0.10058,0.04688
LTR,2758,0.22812,0.10278
LTR,27583,0.35447,0.19304
LTR,27598,0.57558,0.24311
LTR,27613,0.61315,0.06250
LTR,27628,0.10206,0.07481
LTR,27643,0.10932,0.14673
LTR,27658,0.82818,0.30644
LTR,27688,0.39506,0.23329
LTR,27703,0.23642,0.06844
LTR,27718,0.07585,0.04647
LTR,2773,0.18042,0.10606
LTR,27733,0.32224,0.18001
LTR,27748,0.00000,0.00000
LTR,27763,0.21215,0.04647
LTR,27778,0.03432,0.06177
LTR,27808,0.00000,0.00000
LTR,27823,0.69229,0.34155
LTR,27838,0.00000,0.00000
LTR,27853,0.73452,0.23992
LTR,27868,0.06229,0.01250
LTR,2788,0.18302,0.10884
LTR,27883,0.12762,0.07715
LTR,27898,0.10376,0.13264
LTR,27913,0.12750,0.03125
LTR,27928,0.18540,0.25633
LTR,27958,0.33412,0.27417
LTR,27973,0.15672,0.09541
LTR,28,0.54026,0.30474
LTR,28003,0.54531,0.20767
LTR,28018,0.12562,0.09576
LTR,2803,0.12609,0.04297
LTR,28033,0.13468,0.12020
LTR,28048,0.18764,0.31272
LTR,28063,0.07255,0.10553
LTR,28078,0.11622,0.13264
LTR,28093,0.55052,0.31272
LTR,28108,0.11530,0.03548
LTR,28123,0.20800,0.05703
LTR,28138,0.20722,0.13184
LTR,28153,0.16303,0.15710
LTR,28168,0.16815,0.13151
LTR,2818,0.04105,0.03125
LTR,28183,0.26200,0.08472
LTR,28198,0.13167,0.28710
LTR,28213,0.19131,0.16625
LTR,28228,0.61075,0.32529
LTR,28243,0.30657,0.02083
LTR,28258,0.59935,0.15195
LTR,28273,0.08074,0.09302
LTR,28288,0.03961,0.02734
LTR,283,0.14833,0.10391
LTR,28303,0.63676,0.22876
LTR,28318,0.06667,0.13264
LTR,2833,0.52963,0.17548
LTR,28333,0.63093,0.03125
LTR,28363,0.88695,0.32529
LTR,28378,0.23824,0.07520
LTR,28393,0.21827,0.09576
LTR,28408,0.11506,0.04297
LTR,28423,0.12389,0.06250
LTR,28438,0.37305,0.24013
LTR,28453,0.16303,0.31960
LTR,28468,0.06880,0.10606
LTR,2848,0.22619,0.09180
LTR,28483,0.00000,0.00000
LTR,28498,0.33385,0.26050
LTR,28513,0.06589,0.11597
LTR,28528,0.10897,0.09375
LTR,28543,0.03012,0.01250
LTR,28558,0.00000,0.00000
LTR,28573,0.32777,0.16258
LTR,28588,0.47843,0.22483
LTR,28603,0.12701,0.13643
LTR,28618,0.91949,0.28172
LTR,2863,0.10794,0.12666
LTR,28633,0.11305,0.06250
LTR,28648,0.42080,0.15195
LTR,28663,0.01047,0.01562
LTR,28678,0.44438,0.21633
LTR,28693,0.38785,0.20020
LTR,28708,0.31790,0.15977
LTR,28723,0.85734,0.30837
LTR,28738,0.62782,0.22121
LTR,28753,0.00000,0.00000
LTR,28768,0.08614,0.15710
LTR,2878,0.00000,0.00000
LTR,28798,0.19184,0.13264
LTR,28828,0.00000,0.00000
LTR,28843,0.21726,0.18907
LTR,28858,0.38685,0.03125
LTR,28873,0.39569,0.20443
LTR,28888,0.39721,0.30837
LTR,28903,0.23355,0.18750
LTR,28918,0.33927,0.05703
LTR,2893,0.27871,0.26949
LTR,28933,0.15775,0.23769
LTR,28948,0.19955,0.15710
LTR,28963,0.65088,0.29620
LTR,28978,0.49862,0.46899
LTR,28993,0.35742,0.22876
LTR,29008,0.21919,0.18610
LTR,29023,0.11305,0.06250
LTR,29038,0.20868,0.14936
LTR,29053,0.00000,0.00000
LTR,29068,0.21889,0.23769
LTR,2908,0.09174,0.13264
LTR,29083,0.44170,0.13184
LTR,29098,0.65684,0.48871
LTR,29113,0.25814,0.25050
LTR,29128,0.35902,0.22615
LTR,29143,0.02005,0.03255
LTR,29158,0.00000,0.00000
LTR,29173,0.33697,0.17791
LTR,29188,0.07824,0.13264
LTR,29203,0.35938,0.13216
LTR,29218,0.03151,0.04590
LTR,2923,0.91253,0.33552
LTR,29233,0.48222,0.49001
LTR,29248,0.30738,0.16625
LTR,29263,0.17739,0.32529
LTR,29278,0.35704,0.27126
LTR,29293,0.42857,0.34642
LTR,29308,1.00000,0.34642
LTR,29323,0.11740,0.09198
LTR,29338,0.42685,0.34841
LTR,29353,0.46340,0.26334
LTR,29368,0.22208,0.17384
LTR,2938,0.34432,0.18020
LTR,29383,0.10058,0.23372
LTR,29398,0.20684,0.13216
LTR,29413,0.11105,0.10645
LTR,29428,0.41312,0.06250
LTR,29443,0.08614,0.15710
LTR,29458,0.33916,0.18750
LTR,29473,0.30570,0.25633
LTR,29503,0.00000,0.00000
LTR,29518,0.45506,0.19559
LTR,2953,0.29131,0.27017
LTR,29533,0.20208,0.06250
LTR,29548,0.28003,0.28516
LTR,29563,0.20191,0.10553
LTR,29578,0.26258,0.34642
LTR,29593,0.09441,0.07481
LTR,29608,0.43068,0.01562
LTR,29623,0.00000,0.00000
LTR,29638,0.23304,0.18746
LTR,29653,0.27394,0.32529
LTR,29668,0.46012,0.31272
LTR,2968,0.76536,0.09180
LTR,29683,0.43068,0.04688
LTR,29698,0.21889,0.23769
LTR,29713,0.76646,0.31164
LTR,29728,0.01848,0.02734
LTR,29743,0.59798,0.41915
LTR,29758,0.08265,0.04590
LTR,29773,0.44994,0.28516
LTR,29788,0.33901,0.21492
LTR,298,0.02619,0.02083
LTR,29803,0.24858,0.22526
LTR,29818,0.16103,0.16229
LTR,2983,0.29495,0.24025
LTR,29833,0.43068,0.01562
LTR,29848,0.16667,0.12298
LTR,29863,0.19184,0.13264
LTR,29878,0.32570,0.29193
LTR,29893,0.38685,0.01250
LTR,29908,0.07544,0.09766
LTR,29923,0.41013,0.28474
LTR,29938,0.00000,0.00000
LTR,29953,0.16975,0.13264
LTR,29968,0.59683,0.37901
LTR,2998,0.48969,0.15001
LTR,29983,0.43692,0.51147
LTR,29998,0.55315,0.26367
LTR,3013,0.00000,0.00000
LTR,3028,0.08363,0.08813
LTR,3043,0.07103,0.11068
LTR,3058,0.28322,0.22149
LTR,3073,0.02653,0.06250
LTR,3088,0.26169,0.07266
LTR,3103,0.38785,0.20020
LTR,3118,0.11675,0.14192
LTR,313,0.75211,0.26223
LTR,3133,0.17771,0.14453
LTR,3148,0.43062,0.11011
LTR,3163,0.19045,0.15462
LTR,3178,0.35285,0.26223
LTR,3193,0.20868,0.14936
LTR,3208,0.42319,0.47951
LTR,3223,0.00000,0.00000
LTR,3238,0.28993,0.22943
LTR,3253,0.58007,0.26050
LTR,3268,0.26200,0.10606
LTR,328,0.60029,0.25633
LTR,3283,0.14794,0.12422
LTR,3298,0.16958,0.02083
LTR,3313,0.18980,0.05703
LTR,3328,0.62380,0.26823
LTR,3343,0.30079,0.03255
LTR,3358,0.25199,0.20054
LTR,3373,0.33413,0.22559
LTR,3388,0.17159,0.06177
LTR,3403,0.02329,0.03125
LTR,3418,0.10907,0.14192
LTR,343,0.39457,0.13184
LTR,3433,0.43068,0.01562
LTR,3448,0.64875,0.13151
LTR,3463,0.16007,0.04688
LTR,3478,0.33045,0.13300
LTR,3493,0.79196,0.28172
LTR,3508,0.04279,0.06250
LTR,3523,0.09242,0.02734
LTR,3538,0.66084,0.19559
LTR,3553,0.13070,0.05703
LTR,3568,0.44149,0.05078
LTR,358,0.44639,0.16625
LTR,3583,0.03445,0.03750
LTR,3598,0.25199,0.30493
LTR,3613,0.05653,0.02083
LTR,3628,0.03892,0.02083
LTR,3643,0.18628,0.11068
LTR,3658,0.04931,0.04297
LTR,3673,0.37305,0.24013
LTR,3688,0.28092,0.22526
LTR,3703,0.36294,0.13151
LTR,3718,0.00000,0.00000
LTR,373,0.15877,0.17122
LTR,3733,0.25912,0.10645
LTR,3748,0.25092,0.17791
LTR,3763,0.28135,0.20581
LTR,3778,0.35979,0.26226
LTR,3793,0.28322,0.22149
LTR,3808,0.75996,0.29193
LTR,3823,0.00000,0.00000
LTR,3838,0.68816,0.52045
LTR,3853,0.31905,0.27180
LTR,3868,0.60116,0.25633
LTR,388,0.44958,0.12323
LTR,3883,0.29131,0.27017
LTR,3898,0.23215,0.24146
LTR,3913,0.43487,0.32505
LTR,3928,0.25916,0.21901
LTR,3943,0.65836,0.28710
LTR,3958,0.02802,0.01562
LTR,3973,0.19184,0.11067
LTR,3988,0.10797,0.07422
LTR,4003,0.22028,0.07481
LTR,4018,0.16072,0.12476
LTR,403,0.21736,0.10059
LTR,4033,0.07818,0.01250
LTR,4048,0.26801,0.18506
LTR,4063,0.06406,0.07481
LTR,4078,0.09863,0.18750
LTR,4093,0.01516,0.01562
LTR,4108,0.38731,0.26334
LTR,4123,0.25532,0.15991
LTR,4138,0.38275,0.23047
LTR,4153,0.67139,0.07715
LTR,4168,0.08265,0.04590
LTR,418,0.12617,0.13264
LTR,4198,0.12617,0.11067
LTR,4213,0.11138,0.07715
LTR,4228,0.22670,0.23384
LTR,4243,0.31157,0.27742
LTR,4258,0.00000,0.00000
LTR,4273,0.16382,0.12041
LTR,4288,0.00000,0.00000
LTR,43,0.00000,0.00000
LTR,4303,0.75574,0.30644
LTR,4318,0.48710,0.50737
LTR,433,0.17507,0.15977
LTR,4348,0.43071,0.15710
LTR,4363,0.07168,0.13264
LTR,4378,0.00000,0.00000
LTR,4393,0.05983,0.06177
LTR,4408,0.23448,0.27742
LTR,4423,0.36311,0.08203
LTR,4438,0.43721,0.38145
LTR,4453,0.46580,0.15039
LTR,4468,0.59554,0.54311
LTR,448,0.06326,0.09180
LTR,4483,0.11143,0.14876
LTR,4498,0.40120,0.15039
LTR,4513,0.24386,0.30885
LTR,4528,0.66702,0.27874
LTR,4543,0.22955,0.28710
LTR,4558,0.08785,0.12258
LTR,4573,0.94027,0.31164
LTR,4588,0.16962,0.07430
LTR,4603,0.10300,0.15195
LTR,4618,0.17216,0.13924
LTR,463,0.23284,0.05703
LTR,4633,0.22854,0.05078
LTR,4648,0.09309,0.07715
LTR,4663,0.21875,0.17816
LTR,4678,0.05300,0.06177
LTR,4693,0.16589,0.08984
LTR,4708,0.16829,0.13300
LTR,4723,0.04906,0.10278
LTR,4738,0.60748,0.37095
LTR,4753,0.21362,0.17122
LTR,4768,0.23976,0.18239
LTR,478,0.27725,0.26502
LTR,4783,0.17843,0.10645
LTR,4798,0.12750,0.03125
LTR,4813,0.05254,0.10645
LTR,4828,0.04374,0.01250
LTR,4843,0.84536,0.31331
LTR,4858,0.39143,0.52895
LTR,4873,0.08738,0.06177
LTR,4888,0.06989,0.12666
LTR,4903,0.16361,0.15485
LTR,4918,0.39594,0.20573
LTR,493,0.46340,0.26334
LTR,4933,0.59688,0.27192
LTR,4948,0.36719,0.35960
LTR,4963,0.62155,0.33217
LTR,4993,0.47311,0.18610
LTR,5008,0.06507,0.06250
LTR,5023,0.68863,0.27180
LTR,5038,0.18807,0.03548
LTR,5053,0.14910,0.08374
LTR,5068,0.16585,0.14873
LTR,508,0.00000,0.00000
LTR,5083,0.26832,0.23299
LTR,5098,0.06016,0.11499
LTR,5113,0.22474,0.19973
LTR,5128,0.65682,0.26949
LTR,5143,0.13417,0.12298
LTR,5158,0.04587,0.09302
LTR,5173,0.34271,0.26334
LTR,5188,0.59822,0.25554
LTR,5203,0.80053,0.57085
LTR,5218,0.50926,0.34642
LTR,523,0.01204,0.01250
LTR,5233,0.15079,0.10606
LTR,5248,0.47729,0.17970
LTR,5263,0.10257,0.04647
LTR,5278,0.30079,0.09297
LTR,5293,0.27126,0.17791
LTR,5308,0.55315,0.09180
LTR,5323,0.14496,0.12041
LTR,5338,0.53291,0.24587
LTR,5368,0.01143,0.01562
LTR,538,0.22008,0.25350
LTR,5383,0.00000,0.00000
LTR,5398,0.03253,0.02083
LTR,5413,0.11305,0.06250
LTR,5428,0.52168,0.46167
LTR,5443,0.09242,0.02734
LTR,5458,0.00000,0.00000
LTR,5473,0.24153,0.08203
LTR,5488,0.22953,0.13264
LTR,5503,0.54805,0.12109
LTR,5518,0.67249,0.27742
LTR,553,0.06904,0.03255
LTR,5533,0.04793,0.01250
LTR,5548,0.12562,0.09576
LTR,5563,0.67651,0.22943
LTR,5578,0.15231,0.21997
LTR,5593,0.24091,0.11011
LTR,5608,0.38357,0.05078
LTR,5623,0.06300,0.11011
LTR,5638,0.50874,0.08203
LTR,5653,0.00000,0.00000
LTR,5668,0.81988,0.19766
LTR,568,0.40301,0.43750
LTR,5683,0.19061,0.11583
LTR,5698,0.24708,0.17351
LTR,5713,0.04990,0.06177
LTR,5728,0.28960,0.10175
LTR,5743,0.46240,0.32814
LTR,5758,0.72273,0.30493
LTR,5773,0.44673,0.27743
LTR,5788,0.32704,0.15039
LTR,58,0.12991,0.13047
LTR,5803,0.33061,0.31331
LTR,5818,0.51818,0.17384
LTR,583,0.44639,0.16625
LTR,5833,0.05770,0.03255
LTR,5848,0.28184,0.33552
LTR,5863,0.43283,0.32933
LTR,5878,0.11310,0.13329
LTR,5893,0.05924,0.05078
LTR,5908,0.00000,0.00000
LTR,5923,0.90262,0.33217
LTR,5938,0.90727,0.96698
LTR,5953,0.10612,0.09180
LTR,5968,0.39569,0.20443
LTR,598,0.13188,0.12041
LTR,5983,0.34483,0.28399
LTR,5998,0.28944,0.23372
LTR,6028,0.36214,0.06478
LTR,6043,0.26110,0.04688
LTR,6058,0.26972,0.17548
LTR,6073,0.14496,0.12041
LTR,6088,0.00000,0.00000
LTR,6103,0.00000,0.00000
LTR,6118,1.00000,0.34642
LTR,613,0.19707,0.20076
LTR,6133,0.60859,0.45288
LTR,6148,0.35938,0.13216
LTR,6163,0.00000,0.00000
LTR,6178,0.12786,0.05078
LTR,6193,0.41982,0.27743
LTR,6208,0.01525,0.01250
LTR,6223,0.00000,0.00000
LTR,6238,0.34386,0.52118
LTR,6268,0.35740,0.26817
LTR,628,0.37506,0.14192
LTR,6283,0.00000,0.00000
LTR,6298,0.26947,0.27017
LTR,6313,0.54176,0.24013
LTR,6328,0.60116,0.25633
LTR,6343,0.02431,0.06250
LTR,6358,0.28956,0.34124
LTR,6373,0.13603,0.13216
LTR,6388,0.21075,0.14966
LTR,6403,0.15071,0.15485
LTR,6418,0.19434,0.17122
LTR,643,0.38054,0.49023
LTR,6433,0.12908,0.03548
LTR,6448,0.10522,0.03548
LTR,6463,0.36449,0.32495
LTR,6478,0.14378,0.24829
LTR,6493,0.02879,0.02083
LTR,6508,0.14829,0.10376
LTR,6523,0.60116,0.25633
LTR,6538,0.75574,0.30644
LTR,6553,0.65766,0.18750
LTR,6568,0.10397,0.04590
LTR,658,0.14895,0.04647
LTR,6583,0.16667,0.12298
LTR,6598,0.12501,0.23769
LTR,6613,0.43528,0.43106
LTR,6628,0.05891,0.09198
LTR,6643,0.05990,0.10278
LTR,6658,0.63903,0.32062
LTR,6673,0.35512,0.17621
LTR,6688,0.36927,0.16851
LTR,6703,0.70729,0.20443
LTR,6718,0.49635,0.19766
LTR,673,0.03892,0.02083
LTR,6733,0.44182,0.16851
LTR,6748,1.00000,0.34642
LTR,6763,0.00000,0.00000
LTR,6778,0.15928,0.23992
LTR,6793,0.09035,0.03750
LTR,6808,0.51623,0.15195
LTR,6823,0.15963,0.19383
LTR,6838,0.14097,0.11583
LTR,6853,0.03235,0.07715
LTR,6868,0.47653,0.94780
LTR,688,0.28042,0.19559
LTR,6883,0.16177,0.10091
LTR,6898,0.25922,0.14936
LTR,6913,0.41946,0.17122
LTR,6928,0.06935,0.02083
LTR,6943,0.00000,0.00000
LTR,6958,0.61747,0.20252
LTR,6973,0.00000,0.00000
LTR,6988,0.16075,0.12323
LTR,7003,0.29765,0.17742
LTR,7018,0.05601,0.09302
LTR,703,0.47037,0.21797
LTR,7033,0.33333,0.13264
LTR,7048,0.13129,0.10278
LTR,7063,0.85034,0.07422
LTR,7078,0.09925,0.12041
LTR,7093,0.05144,0.04590
LTR,7108,0.13125,0.10391
LTR,7123,0.49662,0.19800
LTR,7138,0.00000,0.00000
LTR,7153,0.07818,0.01250
LTR,7168,0.72623,0.18750
LTR,718,0.23158,0.20573
LTR,7183,0.00000,0.00000
LTR,7198,0.09511,0.15039
LTR,7213,0.17430,0.11597
LTR,7228,0.78449,0.40772
LTR,7243,0.22037,0.19766
LTR,7258,0.44639,0.16625
LTR,7273,0.33978,0.25157
LTR,7288,0.13077,0.14192
LTR,73,0.08002,0.14101
LTR,7303,0.38684,0.33217
LTR,7318,0.20400,0.18579
LTR,733,0.10555,0.13151
LTR,7333,0.08092,0.10606
LTR,7363,0.17856,0.15195
LTR,7378,0.01988,0.02734
LTR,7393,0.09317,0.07520
LTR,7408,0.10984,0.23769
LTR,7423,0.08944,0.10175
LTR,7438,0.18167,0.12323
LTR,7453,0.61075,0.32529
LTR,7468,0.15030,0.09576
LTR,748,0.21399,0.09375
LTR,7483,0.40317,0.24609
LTR,7498,0.17194,0.26923
LTR,7513,0.37904,0.28399
LTR,7528,0.02104,0.03548
LTR,7543,0.02005,0.03255
LTR,7558,0.05495,0.06451
LTR,7573,0.17159,0.06177
LTR,7588,0.00000,0.00000
LTR,7603,0.26707,0.20020
LTR,763,0.03892,0.02083
LTR,7633,0.11847,0.14453
LTR,7648,0.56785,0.17384
LTR,7663,0.42080,0.15195
LTR,7678,0.38684,0.33217
LTR,7693,0.44994,0.28516
LTR,7708,0.11103,0.08374
LTR,7723,0.33612,0.22526
LTR,7738,0.38343,0.50648
LTR,7753,0.20805,0.04688
LTR,7768,0.11736,0.18020
LTR,778,0.17919,0.04688
LTR,7783,0.30533,0.23706
LTR,7798,0.67083,0.96690
LTR,7813,0.17804,0.21797
LTR,7828,0.18302,0.13216
LTR,7843,0.29765,0.17742
LTR,7858,0.13298,0.08472
LTR,7873,0.03445,0.03750
LTR,7888,0.51187,0.13216
LTR,7903,0.23307,0.10553
LTR,7918,0.15755,0.17220
LTR,793,0.28464,0.12041
LTR,7933,0.13131,0.24829
LTR,7948,0.10390,0.14583
LTR,7963,0.06468,0.09297
LTR,7978,0.32156,0.05078
LTR,7993,0.08804,0.05078
LTR,8008,0.47599,0.18579
LTR,8023,0.15029,0.08472
LTR,8038,0.12272,0.12337
LTR,8053,0.01971,0.02083
LTR,8068,0.22652,0.14315
LTR,808,0.48917,0.16625
LTR,8083,0.16102,0.06250
LTR,8098,0.19554,0.27126
LTR,8113,0.36222,0.28371
LTR,8128,0.11229,0.10606
LTR,8143,0.14607,0.01562
LTR,8173,0.69921,0.10553
LTR,8188,0.00000,0.00000
LTR,8203,0.18313,0.17519
LTR,8218,0.02517,0.01250
LTR,823,0.20208,0.06250
LTR,8233,0.10430,0.15462
LTR,8248,0.16958,0.02083
LTR,8263,0.10957,0.12020
LTR,8278,0.31343,0.22943
LTR,8293,0.04587,0.09302
LTR,8308,0.11172,0.18579
LTR,8323,0.66084,0.19559
LTR,8338,0.68443,0.19766
LTR,8353,0.22889,0.15565
LTR,8368,0.11883,0.07734
LTR,838,0.05365,0.01250
LTR,8383,0.01525,0.01250
LTR,8398,0.18070,0.29579
LTR,8413,0.57183,0.31473
LTR,8428,0.60431,0.20930
LTR,8443,0.05022,0.09375
LTR,8458,0.36428,0.13643
LTR,8473,0.07499,0.11011
LTR,8488,0.29418,0.23329
LTR,8503,0.07415,0.15991
LTR,8518,0.08210,0.21289
LTR,853,0.49940,0.21922
LTR,8533,0.22880,0.18299
LTR,8548,0.05024,0.07886
LTR,8563,0.10364,0.17384
LTR,8578,0.04117,0.07422
LTR,8593,0.08416,0.15195
LTR,8608,0.09049,0.15195
LTR,8623,0.12955,0.17122
LTR,8638,0.38684,0.33217
LTR,8653,0.19381,0.11797
LTR,8668,0.02087,0.01562
LTR,868,0.03618,0.02734
LTR,8683,0.00941,0.01250
LTR,8698,0.26389,0.17384
LTR,8713,0.03598,0.05078
LTR,8728,0.12525,0.15710
LTR,8743,0.25435,0.27874
LTR,8758,0.58904,0.21492
LTR,8773,0.24005,0.10376
LTR,8788,0.11952,0.14873
LTR,88,0.21586,0.14192
LTR,8803,0.21827,0.07520
LTR,883,0.20796,0.22559
LTR,8833,0.39635,0.24311
LTR,8848,0.07192,0.07481
LTR,8863,0.39028,0.28197
LTR,8878,0.03796,0.07715
LTR,8893,0.00000,0.00000
LTR,8908,0.48517,0.17351
LTR,8923,0.63075,0.24311
LTR,8938,0.16102,0.06250
LTR,8953,0.19263,0.24653
LTR,8968,0.10797,0.07422
LTR,898,0.07775,0.10091
LTR,8983,0.32337,0.51880
LTR,8998,0.10464,0.08813
LTR,9013,0.06609,0.13300
LTR,9028,0.27541,0.06250
LTR,9043,0.65481,0.09576
LTR,9058,0.33333,0.13264
LTR,9073,0.35447,0.19304
LTR,9088,0.04704,0.07715
LTR,9103,0.15048,0.20972
LTR,9118,0.16958,0.08203
LTR,913,0.30775,0.09541
LTR,9133,0.12476,0.22615
LTR,9148,0.39695,0.20229
LTR,9163,0.00000,0.00000
LTR,9178,0.64691,0.26502
LTR,9193,0.08703,0.01562
LTR,9208,0.61075,0.32529
LTR,9223,0.08103,0.11876
LTR,9238,0.27053,0.20196
LTR,9253,0.00000,0.00000
LTR,9268,0.02802,0.01562
LTR,928,0.27897,0.11876
LTR,9283,0.22953,0.13264
LTR,9298,0.44308,0.29579
LTR,9313,0.56909,0.40003
LTR,9328,0.43226,0.17742
LTR,9343,0.12786,0.05078
LTR,9358,0.24065,0.10376
LTR,9373,0.25691,0.16625
LTR,9388,0.05935,0.07422
LTR,9403,0.22062,0.16929
LTR,9418,0.31425,0.12020
LTR,943,0.05653,0.02083
LTR,9433,0.02979,0.04647
LTR,9448,0.09771,0.14101
LTR,9463,0.83042,0.31473
LTR,9478,0.06056,0.03548
LTR,9493,0.05223,0.08472
LTR,9508,0.00000,0.00000
LTR,9523,0.16958,0.08203
LTR,9538,0.06803,0.07481
LTR,9553,0.10206,0.07481
LTR,9568,0.00000,0.00000
LTR,958,0.11700,0.03125
LTR,9583,0.17323,0.06844
LTR,9598,0.08659,0.15789
LTR,9613,0.33916,0.06250
LTR,9628,0.10797,0.07422
LTR,9643,0.83042,0.31473
LTR,9658,0.25597,0.24653
LTR,9673,0.43071,0.15710
LTR,9688,0.43226,0.15485
LTR,9703,0.14689,0.09302
LTR,9718,0.37419,0.14192
LTR,973,0.15205,0.13924
LTR,9733,0.33612,0.22526
LTR,9748,0.14351,0.26105
LTR,9763,0.33725,0.09541
LTR,9778,0.42217,0.26223
LTR,9793,0.31736,0.12298
LTR,9808,0.00000,0.00000
LTR,9823,0.07608,0.07430
LTR,9838,0.25772,0.10391
LTR,9853,0.14286,0.13264
LTR,9868,0.00000,0.00000
LTR,988,0.08007,0.02734
LTR,9883,0.12002,0.04590
LTR,9898,0.08288,0.12323
LTR,9913,0.00000,0.00000
LTR,9928,0.55743,0.24860
LTR,9943,0.00000,0.00000
LTR,9958,0.33132,0.13300
LTR,9973,0.41013,0.25962
LTR,9988,0.12027,0.15309
