runid,topic,ndcg@5,err@5
LTR,10009,0.01427,0.03125
LTR,10024,0.45090,0.34124
LTR,10039,0.03136,0.07422
LTR,10054,0.10984,0.23769
LTR,10069,0.24219,0.12852
LTR,10084,0.19184,0.13264
LTR,1009,0.01534,0.03125
LTR,10099,0.26878,0.13501
LTR,10114,0.75574,0.30644
LTR,10129,0.20965,0.13643
LTR,10144,0.02353,0.03255
LTR,10159,0.28006,0.09180
LTR,10174,0.14009,0.27192
LTR,10189,0.02329,0.03125
LTR,10204,0.63645,0.15001
LTR,10219,0.14689,0.09302
LTR,10234,0.43068,0.01562
LTR,1024,0.55087,0.27187
LTR,10249,0.50632,0.26544
LTR,10264,0.47244,0.16454
LTR,10279,0.72120,0.65049
LTR,10294,0.33916,0.18750
LTR,10309,0.02104,0.03548
LTR,10324,0.26614,0.27319
LTR,10339,0.07824,0.13264
LTR,10354,0.06080,0.08374
LTR,10369,0.13350,0.07481
LTR,10384,0.91143,0.30132
LTR,1039,0.42870,0.15680
LTR,10399,0.00000,0.00000
LTR,10414,0.21980,0.12258
LTR,10429,0.10987,0.03255
LTR,10444,0.13189,0.09541
LTR,10459,0.63093,0.03125
LTR,10474,0.27843,0.47958
LTR,10489,0.00000,0.00000
LTR,10504,0.07064,0.06478
LTR,10519,0.12928,0.15991
LTR,10534,0.06667,0.13264
LTR,1054,0.09174,0.13264
LTR,10549,0.10932,0.14673
LTR,10564,0.37317,0.10606
LTR,10579,0.13607,0.06844
LTR,10594,0.42080,0.15195
LTR,10609,0.70210,0.29435
LTR,10624,0.40653,0.18262
LTR,10639,0.74088,0.30063
LTR,10654,0.20372,0.14673
LTR,10669,0.05601,0.02734
LTR,10684,0.44639,0.16625
LTR,1069,0.20712,0.11499
LTR,10699,0.86879,0.33007
LTR,10714,0.00000,0.00000
LTR,10729,0.21269,0.22600
LTR,10744,0.26625,0.04647
LTR,10759,0.21761,0.15278
LTR,10774,0.48799,0.44922
LTR,10789,0.10875,0.18746
LTR,10804,0.20734,0.16959
LTR,10819,0.55315,0.09180
LTR,10834,0.11130,0.12258
LTR,1084,0.09362,0.13643
LTR,10849,0.11045,0.10391
LTR,10864,0.26564,0.32582
LTR,10879,0.34508,0.44922
LTR,109,0.07902,0.09180
LTR,10909,0.25374,0.31960
LTR,10924,0.42857,0.34642
LTR,10939,0.61566,0.17742
LTR,10954,0.10104,0.02083
LTR,10969,0.13217,0.19559
LTR,10984,0.27716,0.25554
LTR,10999,0.39016,0.09576
LTR,11014,0.37419,0.14192
LTR,11029,0.10897,0.09375
LTR,11044,0.23744,0.47958
LTR,11059,0.02256,0.01562
LTR,11074,0.33413,0.22559
LTR,11089,0.11083,0.18434
LTR,11104,0.68435,0.28843
LTR,11119,0.26103,0.31272
LTR,11134,0.27190,0.16454
LTR,1114,0.70566,0.38867
LTR,11149,0.08822,0.12996
LTR,11164,0.68642,0.23329
LTR,11179,0.00000,0.00000
LTR,11194,0.69328,0.20020
LTR,11209,0.00000,0.00000
LTR,11224,0.20063,0.10376
LTR,11239,0.18807,0.03548
LTR,11254,0.48307,0.18750
LTR,11269,0.23158,0.20573
LTR,11284,0.21039,0.23047
LTR,1129,0.00000,0.00000
LTR,11299,0.57337,0.18218
LTR,11314,0.02400,0.04590
LTR,11329,0.34448,0.18833
LTR,11344,0.07474,0.12041
LTR,11359,0.42448,0.25034
LTR,11374,0.44438,0.21633
LTR,11389,0.24005,0.10376
LTR,11404,0.05182,0.10645
LTR,11419,0.20015,0.22876
LTR,11434,0.37757,0.27533
LTR,1144,0.83042,0.31473
LTR,11449,0.00000,0.00000
LTR,11464,0.00000,0.00000
LTR,11479,0.37167,0.18750
LTR,11494,0.38290,0.19766
LTR,11509,0.65341,0.28516
LTR,11524,0.47267,0.23329
LTR,11539,0.39038,0.06250
LTR,11554,0.07268,0.11583
LTR,11569,0.00000,0.00000
LTR,11584,0.45918,0.22479
LTR,1159,0.10962,0.10175
LTR,11599,0.22037,0.19766
LTR,11614,0.00000,0.00000
LTR,11629,0.30259,0.26782
LTR,11644,0.39482,0.18218
LTR,11659,0.20445,0.26949
LTR,11674,0.29424,0.17519
LTR,11689,0.07619,0.10606
LTR,11704,0.55723,0.22241
LTR,11719,0.07046,0.10278
LTR,11734,0.68860,0.34642
LTR,1174,0.11875,0.17351
LTR,11749,0.25427,0.21875
LTR,11764,0.00000,0.00000
LTR,11779,0.00000,0.00000
LTR,11794,0.42013,0.20699
LTR,11809,0.15336,0.28516
LTR,11824,0.29765,0.17742
LTR,11839,0.00000,0.00000
LTR,11854,0.43062,0.08984
LTR,11869,0.18374,0.24927
LTR,1189,0.01351,0.01250
LTR,11899,0.21006,0.37476
LTR,11914,0.01384,0.02083
LTR,11929,1.00000,0.18750
LTR,11944,0.16488,0.18299
LTR,11959,0.00000,0.00000
LTR,11974,0.08573,0.04647
LTR,11989,0.05300,0.06177
LTR,12019,0.00000,0.00000
LTR,12034,0.64269,0.22701
LTR,1204,0.20211,0.01562
LTR,12049,0.07196,0.06250
LTR,12064,0.51684,0.19383
LTR,12079,0.79671,0.15039
LTR,12094,0.31768,0.26823
LTR,12109,0.05182,0.10645
LTR,12124,0.16585,0.14873
LTR,12139,0.05556,0.05078
LTR,12154,0.53941,0.33368
LTR,12169,0.11305,0.06250
LTR,12184,0.21045,0.22241
LTR,1219,0.23174,0.15789
LTR,12199,0.13205,0.23372
LTR,12214,0.06609,0.13300
LTR,12229,0.16096,0.03750
LTR,12244,0.28821,0.27742
LTR,12259,0.22287,0.27711
LTR,12274,0.20211,0.01562
LTR,12289,0.35629,0.14583
LTR,12304,0.06129,0.08472
LTR,12319,0.36187,0.27017
LTR,12334,0.25267,0.36821
LTR,1234,0.00000,0.00000
LTR,12349,0.19601,0.09937
LTR,12364,0.00000,0.00000
LTR,12379,0.16372,0.26640
LTR,12394,0.03492,0.06250
LTR,124,0.28464,0.12041
LTR,12409,0.00000,0.00000
LTR,12424,0.39108,0.33552
LTR,12439,0.14607,0.01562
LTR,12454,0.30079,0.11499
LTR,12469,0.07255,0.10553
LTR,12484,0.21761,0.17519
LTR,1249,0.85034,0.07422
LTR,12499,0.76987,0.29579
LTR,12514,0.21332,0.09302
LTR,12529,0.76163,0.58441
LTR,12544,0.02169,0.02734
LTR,12559,0.40562,0.21492
LTR,12574,0.02480,0.01562
LTR,12589,0.06901,0.04647
LTR,12604,0.04365,0.09576
LTR,12619,0.05973,0.01562
LTR,12634,0.60967,0.27743
LTR,1264,0.00000,0.00000
LTR,12649,0.21827,0.09576
LTR,12664,0.21009,0.29710
LTR,12679,0.32224,0.10645
LTR,12694,1.00000,0.13264
LTR,12709,0.17796,0.15137
LTR,12724,0.81515,0.31960
LTR,12739,0.01848,0.02734
LTR,12754,0.00000,0.00000
LTR,12769,0.08920,0.06250
LTR,12784,0.13047,0.14192
LTR,1279,0.28464,0.09937
LTR,12799,0.11088,0.16454
LTR,12814,0.17922,0.03255
LTR,12829,0.50003,0.18020
LTR,12844,0.38698,0.12555
LTR,12859,0.43202,0.29268
LTR,12874,0.08235,0.05078
LTR,12889,0.19411,0.28323
LTR,12904,0.00000,0.00000
LTR,12919,0.72273,0.11011
LTR,12934,0.00000,0.00000
LTR,1294,0.19093,0.07734
LTR,12949,0.10295,0.13264
LTR,12964,0.46308,0.27742
LTR,12979,0.32995,0.29579
LTR,12994,0.21827,0.09576
LTR,13009,0.09848,0.14192
LTR,13024,0.22009,0.20196
LTR,13039,0.39206,0.29579
LTR,13054,0.00000,0.00000
LTR,13069,0.07500,0.11597
LTR,13084,0.14795,0.20252
LTR,1309,0.24789,0.15710
LTR,13099,0.06904,0.03255
LTR,13114,0.00875,0.01250
LTR,13144,0.02879,0.02083
LTR,13159,0.20919,0.22526
LTR,13174,0.09441,0.07481
LTR,13189,0.01216,0.02083
LTR,13204,0.38069,0.32720
LTR,13219,0.34453,0.15565
LTR,13234,0.04008,0.05688
LTR,1324,0.33916,0.18750
LTR,13249,0.04511,0.04688
LTR,13264,0.38698,0.12555
LTR,13279,0.09509,0.07886
LTR,13294,0.00000,0.00000
LTR,13309,0.43602,0.43190
LTR,13324,0.83471,0.50980
LTR,13339,0.62405,0.12422
LTR,13354,0.18496,0.20972
LTR,13369,0.03451,0.01250
LTR,13384,0.14286,0.13264
LTR,13399,0.52519,0.33552
LTR,13414,0.53120,0.31331
LTR,13429,0.43068,0.04688
LTR,13444,0.25772,0.10391
LTR,13459,0.05240,0.10606
LTR,13474,0.22494,0.49975
LTR,13489,0.14689,0.09302
LTR,13504,0.08750,0.03125
LTR,13519,0.52689,0.23299
LTR,13534,0.21980,0.12258
LTR,1354,0.50874,0.08203
LTR,13549,0.29659,0.15710
LTR,13564,0.21726,0.18907
LTR,13579,0.19100,0.14192
LTR,13594,0.21399,0.09375
LTR,13609,0.00000,0.00000
LTR,13624,0.06803,0.07481
LTR,13639,0.23908,0.23516
LTR,13654,0.29608,0.03125
LTR,13684,0.00000,0.00000
LTR,1369,0.03922,0.02734
LTR,13699,0.55485,0.10645
LTR,13714,0.19184,0.11067
LTR,13729,0.36005,0.13184
LTR,13744,0.12635,0.12555
LTR,13759,0.34054,0.20972
LTR,13774,0.16958,0.02083
LTR,13789,0.62380,0.26823
LTR,13804,0.20159,0.21797
LTR,13819,0.11694,0.18746
LTR,13834,0.22053,0.16258
LTR,1384,0.26200,0.10606
LTR,13849,0.00000,0.00000
LTR,13864,0.14607,0.01562
LTR,13879,0.40851,0.29765
LTR,13894,0.14910,0.08374
LTR,139,0.01525,0.01250
LTR,13909,0.54046,0.37997
LTR,13924,0.07196,0.08203
LTR,13939,0.29312,0.24311
LTR,13954,0.00000,0.00000
LTR,13969,0.12498,0.18579
LTR,13984,0.14063,0.15710
LTR,1399,0.12927,0.05599
LTR,13999,0.30672,0.06177
LTR,14014,0.11229,0.10606
LTR,14029,0.07785,0.04688
LTR,14044,0.45229,0.26949
LTR,14059,0.05693,0.09937
LTR,14089,0.24734,0.18299
LTR,14104,0.07671,0.16626
LTR,14119,0.05661,0.07481
LTR,14134,1.00000,0.93750
LTR,1414,0.47037,0.07422
LTR,14149,0.36762,0.18299
LTR,14164,0.90262,0.33217
LTR,14179,0.43071,0.15710
LTR,14194,0.15679,0.07422
LTR,14209,0.21827,0.09576
LTR,14224,0.41662,0.10553
LTR,14239,0.10538,0.23299
LTR,14269,0.18282,0.10091
LTR,14284,0.04869,0.01562
LTR,1429,0.21637,0.22876
LTR,14299,0.16521,0.02734
LTR,14314,0.17130,0.21492
LTR,14329,0.14455,0.30493
LTR,14344,0.19061,0.11583
LTR,14359,0.04506,0.06177
LTR,14374,0.07818,0.01250
LTR,14389,0.00000,0.00000
LTR,14404,0.22053,0.18579
LTR,14419,0.30657,0.02083
LTR,14434,0.05365,0.01250
LTR,1444,0.51766,0.12298
LTR,14449,0.62764,0.51060
LTR,14479,0.06468,0.09297
LTR,14494,0.15679,0.07422
LTR,14509,0.43738,0.29193
LTR,14524,0.88662,0.30493
LTR,14539,0.26570,0.15977
LTR,14554,0.19797,0.17519
LTR,14569,0.37891,0.28710
LTR,14584,0.32885,0.33007
LTR,1459,0.31528,0.16504
LTR,14599,0.00000,0.00000
LTR,14614,0.12927,0.05599
LTR,14629,0.14496,0.12041
LTR,14644,0.43062,0.11011
LTR,14659,0.00000,0.00000
LTR,14674,0.19056,0.14192
LTR,14704,0.22561,0.31466
LTR,14719,0.52375,0.51247
LTR,14734,0.41049,0.21289
LTR,1474,0.30259,0.21395
LTR,14749,0.00000,0.00000
LTR,14764,0.11082,0.15789
LTR,14779,1.00000,0.34642
LTR,14794,0.49126,0.05688
LTR,14809,0.83042,0.11583
LTR,14824,0.05336,0.01562
LTR,14839,0.27871,0.26949
LTR,14854,0.16098,0.26223
LTR,14869,0.20211,0.01562
LTR,14884,0.24794,0.13184
LTR,1489,0.43232,0.22121
LTR,14899,0.59688,0.27192
LTR,14914,0.70729,0.20443
LTR,14929,0.13417,0.12298
LTR,14944,0.19151,0.15001
LTR,14959,0.17989,0.05078
LTR,14974,0.38523,0.24829
LTR,14989,0.52587,0.35865
LTR,15004,0.19601,0.09937
LTR,15019,0.48523,0.22559
LTR,1504,0.22028,0.07481
LTR,15049,0.04279,0.06250
LTR,15064,0.16177,0.10091
LTR,15079,0.11639,0.07886
LTR,15094,0.18797,0.14873
LTR,15109,0.21332,0.07266
LTR,15124,0.25816,0.18907
LTR,15139,0.05536,0.11583
LTR,15154,0.12786,0.05078
LTR,15169,0.21201,0.23329
LTR,15184,0.12678,0.21289
LTR,1519,0.21736,0.10059
LTR,15199,0.92230,0.95184
LTR,15214,0.00000,0.00000
LTR,15229,0.09441,0.07481
LTR,15244,0.27656,0.25859
LTR,15259,0.36762,0.18299
LTR,15289,0.02329,0.03125
LTR,15304,0.41270,0.47224
LTR,15319,0.34263,0.31272
LTR,15334,0.19616,0.10938
LTR,1534,0.13188,0.12041
LTR,15349,0.39015,0.09198
LTR,15364,0.00000,0.00000
LTR,15379,0.04030,0.07422
LTR,15394,0.68785,0.51630
LTR,154,0.63124,0.20196
LTR,15424,0.00000,0.00000
LTR,15439,0.28960,0.12298
LTR,15454,0.08361,0.14192
LTR,15469,0.65481,0.09576
LTR,15484,0.16958,0.02083
LTR,1549,0.00000,0.00000
LTR,15499,0.18807,0.03548
LTR,15514,0.01143,0.01562
LTR,15529,0.05281,0.08813
LTR,15544,0.27727,0.02734
LTR,15559,0.04869,0.01562
LTR,15574,0.24425,0.13264
LTR,15589,0.36005,0.04590
LTR,15604,0.36330,0.20196
LTR,15619,0.21658,0.06451
LTR,15634,0.71220,0.28323
LTR,1564,0.58238,0.47266
LTR,15649,0.27805,0.14009
LTR,15664,0.07618,0.11583
LTR,15679,0.09049,0.15195
LTR,15694,0.55315,0.09180
LTR,15709,0.17579,0.12422
LTR,15724,0.02087,0.01562
LTR,15739,0.46253,0.15977
LTR,15754,0.23284,0.05703
LTR,15769,0.26427,0.22479
LTR,15784,0.39159,0.12258
LTR,1579,0.11229,0.10606
LTR,15799,0.25611,0.23372
LTR,15814,0.05240,0.10606
LTR,15829,0.13517,0.19304
LTR,15859,0.34947,0.12666
LTR,15874,0.14116,0.04297
LTR,15889,0.17459,0.17310
LTR,15904,0.05924,0.05078
LTR,15919,0.12857,0.16959
LTR,15934,0.04110,0.08813
LTR,1594,0.07133,0.03125
LTR,15949,0.07268,0.08203
LTR,15964,0.16375,0.05688
LTR,15979,0.12545,0.07430
LTR,15994,0.45824,0.17896
LTR,16024,0.03843,0.05688
LTR,16039,0.40209,0.30885
LTR,16054,0.20857,0.12041
LTR,16069,0.00000,0.00000
LTR,16084,0.16975,0.13264
LTR,1609,0.02802,0.01562
LTR,16099,0.16276,0.14453
LTR,16114,0.16829,0.13300
LTR,16129,0.00000,0.00000
LTR,16144,0.30713,0.27954
LTR,16159,0.17654,0.06451
LTR,16174,0.02979,0.04647
LTR,16189,0.06507,0.06250
LTR,16204,0.50715,0.27004
LTR,16219,0.75996,0.29193
LTR,16234,0.24065,0.12666
LTR,1624,0.36743,0.30837
LTR,16249,0.02087,0.01562
LTR,16264,0.18889,0.24013
LTR,16279,0.09233,0.15977
LTR,16294,0.24480,0.27426
LTR,16309,0.11506,0.04297
LTR,16324,0.10055,0.02734
LTR,16339,0.17725,0.07715
LTR,16354,0.50874,0.23828
LTR,16369,0.19184,0.11067
LTR,16384,0.42955,0.26823
LTR,1639,0.00000,0.00000
LTR,16399,0.00000,0.00000
LTR,16414,0.06643,0.01250
LTR,16429,0.30134,0.23413
LTR,16444,0.04906,0.10278
LTR,16459,0.00000,0.00000
LTR,16474,0.09560,0.05599
LTR,16489,0.10325,0.11011
LTR,16504,0.23442,0.15412
LTR,16519,0.08860,0.12041
LTR,16534,0.37444,0.18746
LTR,1654,0.59822,0.25554
LTR,16549,0.14789,0.12258
LTR,16564,0.09509,0.11876
LTR,16579,0.06857,0.07481
LTR,16594,0.58458,0.15039
LTR,16609,0.00000,0.00000
LTR,16624,0.29817,0.24787
LTR,16639,0.31565,0.10059
LTR,16654,0.35396,0.14673
LTR,16669,0.17159,0.06177
LTR,16684,0.46166,0.15977
LTR,1669,0.48069,0.47651
LTR,16699,0.44396,0.11876
LTR,16714,0.43942,0.21395
LTR,16729,0.23307,0.10553
LTR,16744,0.94485,0.20020
LTR,16759,0.25727,0.25633
LTR,16774,0.02474,0.04297
LTR,16789,0.26301,0.13264
LTR,16804,0.28464,0.09937
LTR,16819,0.08322,0.14873
LTR,16834,0.00000,0.00000
LTR,1684,0.33196,0.10553
LTR,16849,0.38325,0.24860
LTR,16864,0.25302,0.25157
LTR,16879,0.00000,0.00000
LTR,16894,0.09242,0.02734
LTR,169,0.12617,0.13264
LTR,16909,0.19056,0.14192
LTR,16924,0.02400,0.04590
LTR,16939,0.14607,0.01562
LTR,16954,0.26251,0.09375
LTR,16969,0.00000,0.00000
LTR,16984,0.34947,0.10376
LTR,1699,0.15048,0.20972
LTR,16999,0.78957,0.30885
LTR,17014,0.02979,0.04647
LTR,17029,0.24065,0.10376
LTR,17044,0.07286,0.13643
LTR,17059,0.07970,0.10175
LTR,17074,0.19131,0.16625
LTR,17089,0.02688,0.02734
LTR,17104,0.20548,0.08813
LTR,17119,0.00000,0.00000
LTR,17134,0.09989,0.10553
LTR,1714,0.32958,0.09180
LTR,17149,0.24789,0.15710
LTR,17164,0.68642,0.23329
LTR,17194,0.00000,0.00000
LTR,17209,0.10159,0.03125
LTR,17224,0.01848,0.02734
LTR,17239,0.46702,0.22876
LTR,17254,0.16958,0.02083
LTR,17269,0.00000,0.00000
LTR,17284,0.24219,0.15195
LTR,1729,0.60608,0.24939
LTR,17299,0.19942,0.10175
LTR,17314,0.68776,0.27180
LTR,17329,0.06880,0.10606
LTR,17344,0.18438,0.09180
LTR,17359,0.15733,0.15991
LTR,17374,0.11467,0.18218
LTR,17389,0.53014,0.29579
LTR,17404,0.05649,0.10645
LTR,17419,0.55315,0.09180
LTR,17434,0.00000,0.00000
LTR,1744,0.11593,0.11068
LTR,17449,0.34599,0.25633
LTR,17464,0.60617,0.26367
LTR,17479,0.09760,0.08203
LTR,17494,0.21923,0.27017
LTR,17509,0.08543,0.09180
LTR,17524,0.31253,0.22578
LTR,17539,0.00000,0.00000
LTR,17554,0.20684,0.10884
LTR,17569,0.60625,0.48515
LTR,17584,0.23770,0.12422
LTR,1759,0.05973,0.01562
LTR,17599,0.17670,0.26334
LTR,17614,0.06794,0.09576
LTR,17629,0.03100,0.02083
LTR,17644,0.50002,0.24314
LTR,17659,0.24998,0.10278
LTR,17674,0.54136,0.11597
LTR,17689,0.17257,0.15789
LTR,17704,0.04365,0.09576
LTR,17719,0.14607,0.01562
LTR,17734,0.07604,0.12298
LTR,1774,0.38357,0.16626
LTR,17749,0.14116,0.04297
LTR,17764,0.15733,0.15991
LTR,17779,0.00000,0.00000
LTR,17794,0.00000,0.00000
LTR,17809,0.41791,0.28951
LTR,17824,0.57558,0.24311
LTR,17839,0.02855,0.02734
LTR,17854,0.18438,0.09180
LTR,17869,0.42883,0.61671
LTR,17884,0.20805,0.04688
LTR,1789,0.33045,0.13300
LTR,17899,0.30953,0.24194
LTR,17914,0.28464,0.09937
LTR,17929,0.21726,0.18907
LTR,17944,0.03012,0.01250
LTR,17959,0.70210,0.29435
LTR,17974,0.03151,0.04590
LTR,17989,0.11161,0.08984
LTR,18004,0.09024,0.07422
LTR,18019,0.00875,0.01250
LTR,18034,0.41982,0.27743
LTR,1804,0.22028,0.07481
LTR,18049,0.85393,0.12041
LTR,18064,0.00000,0.00000
LTR,18079,0.72273,0.30493
LTR,18094,0.19093,0.07734
LTR,18109,0.31526,0.30132
LTR,18124,0.07051,0.03125
LTR,18139,0.04300,0.05688
LTR,18154,0.25100,0.24013
LTR,18169,0.01874,0.01250
LTR,18184,0.33168,0.36238
LTR,1819,0.00000,0.00000
LTR,18199,0.91972,0.08203
LTR,18214,0.55944,0.24829
LTR,18229,0.06588,0.09302
LTR,18244,0.07126,0.09576
LTR,18259,0.00875,0.01250
LTR,18274,0.30657,0.02083
LTR,18289,0.12927,0.05599
LTR,18304,0.18180,0.25171
LTR,18319,0.05238,0.08203
LTR,18334,0.11816,0.06177
LTR,1834,0.10593,0.13643
LTR,18349,0.18793,0.17440
LTR,18364,0.27662,0.13924
LTR,18379,0.10026,0.13643
LTR,18394,0.03796,0.07715
LTR,184,0.12199,0.11583
LTR,18409,0.44438,0.21633
LTR,18424,0.21416,0.14101
LTR,18439,0.04825,0.05599
LTR,18454,0.32637,0.13062
LTR,18469,0.06965,0.07266
LTR,18484,0.06419,0.08203
LTR,1849,0.55315,0.09180
LTR,18499,0.12541,0.13300
LTR,18514,0.38033,0.19559
LTR,18529,0.66453,0.24146
LTR,18544,0.68277,0.24860
LTR,18559,0.34403,0.21006
LTR,18574,0.04617,0.03255
LTR,18589,0.70774,0.47600
LTR,18604,0.00000,0.00000
LTR,18619,0.33196,0.10553
LTR,18634,1.00000,0.34642
LTR,1864,0.21827,0.07520
LTR,18649,0.71127,0.28371
LTR,18664,0.10026,0.03255
LTR,18679,0.21934,0.15710
LTR,18694,0.18438,0.09180
LTR,18709,0.12040,0.06844
LTR,18724,0.31766,0.10091
LTR,18739,0.11305,0.06250
LTR,18754,0.26142,0.22241
LTR,18769,0.16958,0.02083
LTR,18784,0.07133,0.03125
LTR,1879,0.08573,0.04647
LTR,18799,0.53579,0.34124
LTR,18814,0.58802,0.32505
LTR,18829,0.27727,0.02734
LTR,18844,0.07006,0.11011
LTR,18859,0.00000,0.00000
LTR,18874,0.03892,0.02083
LTR,18889,0.19389,0.23600
LTR,18904,0.09989,0.10553
LTR,18919,0.62238,0.54752
LTR,18934,0.33409,0.17351
LTR,1894,0.07817,0.03125
LTR,18949,0.05792,0.10175
LTR,18964,0.32704,0.15039
LTR,18979,0.27681,0.11583
LTR,18994,0.04912,0.03125
LTR,19,0.26680,0.27017
LTR,19009,0.22953,0.11067
LTR,19024,0.50291,0.23372
LTR,19039,0.24411,0.23299
LTR,19054,0.70210,0.29435
LTR,19069,0.20681,0.16625
LTR,19084,0.02480,0.01562
LTR,1909,0.27395,0.18579
LTR,19099,1.00000,0.06250
LTR,19114,0.07818,0.01250
LTR,19129,0.06935,0.02083
LTR,19144,0.59822,0.25554
LTR,19159,0.79948,0.31272
LTR,19174,0.60116,0.25633
LTR,19189,0.25993,0.17816
LTR,19204,0.06156,0.06451
LTR,19219,0.27949,0.20900
LTR,19234,0.69921,0.29462
LTR,1924,0.41340,0.30852
LTR,19249,0.54176,0.24013
LTR,19264,0.06863,0.07715
LTR,19279,0.02969,0.06250
LTR,19294,0.62155,0.33217
LTR,19309,0.11006,0.10059
LTR,19324,0.63093,0.03125
LTR,19339,0.08687,0.12323
LTR,19354,0.04374,0.01250
LTR,19369,0.16958,0.06250
LTR,19384,0.00000,0.00000
LTR,1939,0.32704,0.15039
LTR,19399,0.22953,0.13264
LTR,19414,0.54169,0.24146
LTR,19429,0.29513,0.27180
LTR,19444,0.01556,0.02083
LTR,19459,0.08265,0.04590
LTR,19474,0.20805,0.04688
LTR,19489,0.24852,0.18750
LTR,19519,0.77621,0.57692
LTR,19534,0.05537,0.08203
LTR,1954,0.08243,0.13379
LTR,19549,0.08003,0.10645
LTR,19564,0.27692,0.18746
LTR,19579,0.34947,0.10376
LTR,19594,0.03961,0.02734
LTR,19624,0.09883,0.09302
LTR,19639,0.65481,0.09576
LTR,19654,0.75208,0.20020
LTR,19669,0.13528,0.10059
LTR,19684,0.09242,0.02734
LTR,1969,0.04897,0.02083
LTR,19699,0.08051,0.02083
LTR,19714,0.00000,0.00000
LTR,19729,0.26258,0.34642
LTR,19744,0.00000,0.00000
LTR,19759,0.16174,0.07715
LTR,19774,0.15444,0.11067
LTR,19789,0.28118,0.27417
LTR,19804,0.11103,0.08374
LTR,19819,0.03892,0.02083
LTR,19834,0.00000,0.00000
LTR,1984,0.02921,0.04688
LTR,19849,0.31619,0.22479
LTR,19864,0.47037,0.07422
LTR,19879,0.28464,0.12041
LTR,199,0.73452,0.23992
LTR,19909,0.13343,0.10606
LTR,19924,0.39506,0.23329
LTR,19939,0.07923,0.04297
LTR,19954,0.04119,0.03548
LTR,19969,0.00000,0.00000
LTR,19984,0.11218,0.07481
LTR,1999,0.53173,0.07520
LTR,19999,0.14607,0.01562
LTR,20014,0.48148,0.29462
LTR,20029,0.02169,0.02734
LTR,20044,0.49462,0.35839
LTR,20059,0.43942,0.21395
LTR,20074,0.06681,0.12041
LTR,20089,0.44994,0.28516
LTR,20104,0.49265,0.46875
LTR,20119,0.12040,0.06844
LTR,20134,0.47599,0.18579
LTR,2014,0.51949,0.33217
LTR,20149,0.13241,0.15680
LTR,20164,0.60533,0.39844
LTR,20179,0.57057,0.12258
LTR,20194,0.13607,0.06844
LTR,20209,0.06208,0.06844
LTR,20224,0.06257,0.06478
LTR,20239,0.18336,0.21492
LTR,20254,0.26419,0.25034
LTR,20269,0.14378,0.03750
LTR,20284,0.27655,0.22578
LTR,2029,0.69921,0.29462
LTR,20299,0.00000,0.00000
LTR,20314,0.11305,0.06250
LTR,20329,0.00000,0.00000
LTR,20344,0.66084,0.19559
LTR,20359,0.30617,0.19559
LTR,20374,0.36005,0.04590
LTR,20389,0.41607,0.18750
LTR,20404,0.03353,0.01562
LTR,20419,0.00000,0.00000
LTR,20434,0.00000,0.00000
LTR,2044,0.09347,0.07481
LTR,20449,0.64557,0.28172
LTR,20464,0.17743,0.28296
LTR,20479,0.04509,0.03548
LTR,20494,0.09410,0.06451
LTR,20509,0.00000,0.00000
LTR,20524,0.17178,0.15991
LTR,20539,0.03980,0.08203
LTR,20554,0.58007,0.26050
LTR,20569,0.13121,0.01250
LTR,20584,0.26878,0.13501
LTR,2059,0.45824,0.17896
LTR,20599,0.16958,0.08203
LTR,20614,0.16589,0.11011
LTR,20629,0.88078,0.22241
LTR,20644,0.38785,0.20020
LTR,20659,0.18154,0.01250
LTR,20674,0.33333,0.11067
LTR,20689,0.07133,0.03125
LTR,20704,0.00000,0.00000
LTR,20719,0.01655,0.01250
LTR,2074,0.31157,0.27742
LTR,20749,0.45824,0.17896
LTR,20764,0.04845,0.06250
LTR,20779,0.35938,0.11011
LTR,20794,0.31565,0.03548
LTR,20809,0.31920,0.12258
LTR,20824,0.45485,0.15991
LTR,20839,0.17712,0.09541
LTR,20854,0.01927,0.01250
LTR,20869,0.14966,0.18746
LTR,20884,0.05491,0.06250
LTR,2089,0.41819,0.33217
LTR,20899,0.39038,0.06250
LTR,20914,0.12701,0.13643
LTR,20929,0.58261,0.14453
LTR,20944,0.17725,0.07715
LTR,20959,0.15753,0.24146
LTR,20974,0.11305,0.06250
LTR,21004,0.61643,0.08813
LTR,21019,0.14607,0.04688
LTR,21034,0.27386,0.15565
LTR,2104,0.26106,0.22874
LTR,21049,0.13525,0.12476
LTR,21064,0.36898,0.08374
LTR,21079,0.23355,0.18750
LTR,21094,0.36597,0.27754
LTR,21109,0.05238,0.06250
LTR,21124,0.18459,0.15710
LTR,21139,0.03392,0.06250
LTR,21154,0.18088,0.10645
LTR,2119,1.00000,0.34642
LTR,21199,0.90262,0.33217
LTR,21214,0.34432,0.18020
LTR,21229,0.05193,0.04647
LTR,21244,0.07209,0.09576
LTR,21259,0.21786,0.17440
LTR,21274,0.76818,0.52388
LTR,21289,0.04105,0.03125
LTR,21304,0.05170,0.07481
LTR,21319,0.06041,0.03750
LTR,21334,0.78957,0.30885
LTR,2134,0.53291,0.24587
LTR,21349,0.76987,0.29579
LTR,21364,0.15657,0.18907
LTR,21379,0.16667,0.12298
LTR,21394,0.14621,0.12476
LTR,214,0.14011,0.05078
LTR,21409,0.03983,0.03548
LTR,21424,0.02877,0.02734
LTR,21439,0.38785,0.20020
LTR,21454,0.48895,0.31049
LTR,21469,0.08959,0.10376
LTR,21484,0.88662,0.30493
LTR,2149,0.44112,0.31164
LTR,21499,0.14600,0.11011
LTR,21514,0.19707,0.14873
LTR,21529,0.29424,0.15278
LTR,21544,0.13493,0.14873
LTR,21559,0.24426,0.09766
LTR,21574,0.18863,0.09198
LTR,21589,0.09782,0.12020
LTR,21604,0.32637,0.13062
LTR,21619,0.00000,0.00000
LTR,21634,0.24424,0.24311
LTR,2164,0.01484,0.02083
LTR,21649,1.00000,0.06250
LTR,21664,0.12002,0.04590
LTR,21679,0.98289,0.12041
LTR,21694,0.03432,0.06177
LTR,21709,0.51477,0.06177
LTR,21724,0.17939,0.17896
LTR,21739,0.06682,0.06451
LTR,21754,0.57558,0.24311
LTR,21769,0.45918,0.22479
LTR,21784,0.16439,0.16626
LTR,2179,0.23355,0.18750
LTR,21799,0.30066,0.25157
LTR,21814,0.09808,0.10645
LTR,21829,0.09511,0.15039
LTR,21844,0.22427,0.28951
LTR,21859,0.08278,0.12041
LTR,21874,0.65341,0.28516
LTR,21889,0.52779,0.31164
LTR,21904,0.18688,0.03750
LTR,21919,0.22474,0.17548
LTR,21934,0.03253,0.02083
LTR,2194,0.17948,0.16929
LTR,21949,0.33422,0.57266
LTR,21964,0.07730,0.04590
LTR,21979,0.26647,0.14873
LTR,21994,0.66515,0.14101
LTR,22009,0.09565,0.13643
LTR,22024,0.15444,0.13264
LTR,22039,0.18584,0.08203
LTR,22054,0.07133,0.03125
LTR,22069,0.00000,0.00000
LTR,22084,0.00000,0.00000
LTR,2209,0.06056,0.03548
LTR,22099,0.01484,0.02083
LTR,22114,0.00000,0.00000
LTR,22129,0.19842,0.07715
LTR,22144,0.26074,0.13300
LTR,22159,0.03392,0.08203
LTR,22174,0.40172,0.13924
LTR,22189,0.57337,0.18218
LTR,22204,0.00000,0.00000
LTR,22219,0.72273,0.30493
LTR,22234,0.00000,0.00000
LTR,2224,0.15679,0.07422
LTR,22249,0.04144,0.06451
LTR,22264,0.00000,0.00000
LTR,22279,0.83042,0.11583
LTR,22294,0.07133,0.03125
LTR,22309,0.26263,0.23992
LTR,22324,0.10700,0.14038
LTR,22339,0.64923,0.34448
LTR,22354,0.57570,0.47303
LTR,22369,0.21167,0.23828
LTR,22384,0.00000,0.00000
LTR,2239,0.34867,0.34642
LTR,22399,0.24858,0.22526
LTR,22414,0.16589,0.11011
LTR,22429,0.04869,0.01562
LTR,22444,0.07740,0.14873
LTR,22459,0.10569,0.10278
LTR,22489,0.13417,0.12298
LTR,22519,0.14029,0.22241
LTR,22534,0.01674,0.03125
LTR,2254,0.53386,0.18299
LTR,22549,0.22953,0.11067
LTR,22564,0.08001,0.08374
LTR,22579,0.55944,0.24829
LTR,22594,0.19942,0.10175
LTR,22609,0.63093,0.03125
LTR,22639,0.12139,0.10606
LTR,22654,0.10677,0.18299
LTR,22669,0.28912,0.07715
LTR,22684,0.01131,0.02083
LTR,2269,0.16963,0.30493
LTR,22699,0.00974,0.01562
LTR,22714,0.11100,0.13216
LTR,22729,0.07442,0.14101
LTR,22744,0.19303,0.14936
LTR,22759,0.01988,0.02734
LTR,22774,0.00000,0.00000
LTR,22789,0.00000,0.00000
LTR,22804,0.34519,0.04297
LTR,22819,0.09135,0.10606
LTR,22834,0.82078,0.22479
LTR,2284,0.51818,0.17384
LTR,22849,0.72273,0.30493
LTR,22864,0.20233,0.47958
LTR,22879,0.14886,0.20876
LTR,22894,0.21430,0.18020
LTR,229,0.64378,0.32094
LTR,22909,0.05480,0.05078
LTR,22924,0.17408,0.16229
LTR,22939,0.10522,0.03548
LTR,22954,0.57337,0.20699
LTR,22969,0.41221,0.32230
LTR,22984,0.07133,0.03125
LTR,2299,0.27972,0.48924
LTR,22999,0.31565,0.10059
LTR,23014,0.39108,0.33552
LTR,23029,0.16975,0.13264
LTR,23044,0.48523,0.07715
LTR,23059,0.04105,0.03125
LTR,23074,0.33333,0.13264
LTR,23089,0.68435,0.10278
LTR,23104,0.30482,0.17548
LTR,23119,0.19601,0.12041
LTR,23134,0.22466,0.23066
LTR,2314,0.07062,0.06641
LTR,23149,0.13121,0.01250
LTR,23164,0.13417,0.12298
LTR,23179,0.27601,0.19057
LTR,23194,0.12411,0.12298
LTR,23209,0.07268,0.08203
LTR,23224,0.15397,0.24817
LTR,23239,0.40408,0.29435
LTR,23254,0.34851,0.28843
LTR,23269,0.07125,0.13300
LTR,23284,0.09760,0.08203
LTR,2329,0.04374,0.01250
LTR,23299,0.59037,0.30837
LTR,23314,0.25906,0.08374
LTR,23329,0.04869,0.01562
LTR,23344,0.31973,0.22121
LTR,23359,0.24789,0.15710
LTR,23374,0.04818,0.08984
LTR,23389,0.38607,0.16693
LTR,23404,0.59826,0.33007
LTR,23419,0.25764,0.25633
LTR,23434,0.38194,0.31288
LTR,2344,0.35396,0.14673
LTR,23449,0.28960,0.12298
LTR,23464,0.85393,0.32505
LTR,23479,0.24229,0.33351
LTR,23494,0.57337,0.18218
LTR,23509,0.15685,0.05078
LTR,23524,0.24276,0.28934
LTR,23539,0.46702,0.22876
LTR,23554,0.13402,0.17816
LTR,23569,0.61075,0.32529
LTR,23584,0.27681,0.11583
LTR,2359,0.04374,0.01250
LTR,23599,0.70210,0.29435
LTR,23614,0.08287,0.12476
LTR,23629,0.39569,0.20443
LTR,23644,0.48523,0.22559
LTR,23659,0.38975,0.28728
LTR,23674,0.09654,0.13661
LTR,23689,0.06229,0.01250
LTR,23704,0.30672,0.06177
LTR,23719,0.52519,0.33552
LTR,23734,0.19499,0.19766
LTR,2374,0.14748,0.10175
LTR,23749,0.03027,0.03125
LTR,23764,0.08750,0.03125
LTR,23779,0.11579,0.14876
LTR,23794,0.06079,0.03750
LTR,23809,0.30615,0.25633
LTR,23824,0.08573,0.04647
LTR,23839,0.29765,0.17742
LTR,23854,0.16958,0.02083
LTR,23869,0.11826,0.08813
LTR,23884,0.14697,0.21095
LTR,2389,0.44438,0.21633
LTR,23899,0.26275,0.26223
LTR,23914,0.06507,0.06250
LTR,23929,0.40206,0.36188
LTR,23959,0.11138,0.07715
LTR,23974,0.18525,0.17742
LTR,23989,0.18017,0.18579
LTR,24004,1.00000,0.06250
LTR,24019,0.09449,0.16454
LTR,24034,0.57145,0.40317
LTR,2404,0.38250,0.09375
LTR,24049,0.23304,0.18746
LTR,24064,0.00000,0.00000
LTR,24079,0.30079,0.03255
LTR,24094,0.21946,0.22241
LTR,24109,0.04105,0.03125
LTR,24124,0.10104,0.02083
LTR,24139,0.00000,0.00000
LTR,24154,0.55085,0.42252
LTR,24169,0.05281,0.07715
LTR,2419,0.04996,0.07715
LTR,24199,0.17929,0.14873
LTR,24214,0.12199,0.12041
LTR,24229,0.54125,0.28934
LTR,24244,0.29424,0.15278
LTR,24259,0.31432,0.31473
LTR,24274,0.32491,0.10278
LTR,24289,0.47267,0.23329
LTR,24304,0.28960,0.12298
LTR,24319,0.06851,0.06250
LTR,24334,0.10755,0.21395
LTR,2434,0.07268,0.11583
LTR,24349,0.12436,0.15789
LTR,24364,0.09424,0.05688
LTR,24379,0.15733,0.15991
LTR,24394,0.91972,0.08203
LTR,244,0.16918,0.22559
LTR,24409,0.09825,0.14192
LTR,24424,0.67296,0.26334
LTR,24439,0.68435,0.28843
LTR,24454,0.08435,0.13216
LTR,24469,0.53386,0.18299
LTR,24484,0.56124,0.52118
LTR,2449,0.23307,0.10553
LTR,24499,0.06667,0.13264
LTR,24514,0.18720,0.20699
LTR,24529,0.68860,0.34642
LTR,24544,0.72333,0.48460
LTR,24574,0.45918,0.22479
LTR,24589,0.20418,0.22474
LTR,24604,0.10593,0.19973
LTR,24619,0.16323,0.04647
LTR,24634,0.29011,0.31164
LTR,2464,0.06588,0.07266
LTR,24649,0.21332,0.07266
LTR,24664,0.45237,0.28934
LTR,24679,0.00000,0.00000
LTR,24694,0.00000,0.00000
LTR,24709,0.00000,0.00000
LTR,24739,0.35835,0.53998
LTR,24754,0.28977,0.15195
LTR,24769,0.63668,0.09180
LTR,24784,0.85734,0.30837
LTR,2479,0.68863,0.27180
LTR,24799,0.02877,0.02734
LTR,24814,0.22245,0.22876
LTR,24829,0.15657,0.18907
LTR,24844,0.13450,0.23349
LTR,24859,0.13457,0.18218
LTR,24874,0.23376,0.07266
LTR,24889,0.41378,0.14185
LTR,24904,0.29299,0.23516
LTR,24919,0.01427,0.03125
LTR,24934,0.17403,0.17805
LTR,2494,0.11816,0.06177
LTR,24949,0.01148,0.01250
LTR,24979,0.04932,0.08203
LTR,24994,1.00000,0.28710
LTR,25009,0.24091,0.11011
LTR,25024,0.06347,0.09576
LTR,25039,0.33333,0.13264
LTR,25054,0.22028,0.07481
LTR,25069,0.35478,0.25034
LTR,25084,0.37765,0.27004
LTR,2509,0.04793,0.01250
LTR,25099,0.45820,0.09375
LTR,25114,0.46253,0.15977
LTR,25129,0.38685,0.03125
LTR,25144,0.10797,0.07422
LTR,25159,0.00000,0.00000
LTR,25174,0.34890,0.93848
LTR,25189,0.00000,0.00000
LTR,25204,0.76368,0.49426
LTR,25219,0.30079,0.11499
LTR,25234,0.17674,0.29850
LTR,2524,0.59038,0.25157
LTR,25249,0.26275,0.26223
LTR,25264,0.10924,0.05703
LTR,25279,0.36330,0.20196
LTR,25294,0.27992,0.30837
LTR,25309,0.86879,0.33007
LTR,25324,0.20015,0.22876
LTR,25339,0.54370,0.30885
LTR,25354,0.11677,0.06250
LTR,25369,0.32529,0.29435
LTR,25384,0.00000,0.00000
LTR,2539,0.00000,0.00000
LTR,25399,0.25827,0.14192
LTR,25414,0.21332,0.09302
LTR,25429,0.85393,0.12041
LTR,25444,0.18313,0.17519
LTR,25474,0.12825,0.11583
LTR,25489,0.70436,0.56920
LTR,25504,0.06667,0.13264
LTR,25519,0.40542,0.12041
LTR,25534,0.41946,0.17122
LTR,2554,0.13869,0.06250
LTR,25549,0.05238,0.08203
LTR,25564,0.22556,0.26502
LTR,25579,0.04966,0.03750
LTR,25594,0.32529,0.29435
LTR,25609,0.21827,0.09576
LTR,25624,0.08804,0.05078
LTR,25639,0.13318,0.17384
LTR,25654,0.15055,0.20699
LTR,25684,0.08703,0.01562
LTR,2569,0.13121,0.01250
LTR,25699,0.59411,0.27829
LTR,25714,0.14144,0.13264
LTR,25729,1.00000,0.24829
LTR,25744,0.05990,0.10278
LTR,25759,0.12750,0.03125
LTR,25774,0.07358,0.05078
LTR,25789,0.19867,0.12422
LTR,25804,0.12530,0.18299
LTR,25819,0.24091,0.11011
LTR,25834,0.30502,0.28710
LTR,2584,0.05653,0.02083
LTR,25849,0.21623,0.28735
LTR,25864,0.01856,0.01250
LTR,25879,0.83042,0.31473
LTR,25894,0.27395,0.18579
LTR,259,0.12162,0.17384
LTR,25909,0.03274,0.03255
LTR,25924,0.13849,0.13062
LTR,25939,0.08179,0.06451
LTR,25954,0.08573,0.04647
LTR,25969,0.13217,0.22149
LTR,25984,0.26734,0.26823
LTR,2599,0.04594,0.03125
LTR,25999,0.08416,0.15195
LTR,26014,0.19519,0.02083
LTR,26029,0.04511,0.04688
LTR,26044,0.18584,0.08203
LTR,26059,0.04869,0.01562
LTR,26074,0.41336,0.25633
LTR,26089,0.79671,0.15039
LTR,26104,0.60967,0.27743
LTR,26119,0.19184,0.13264
LTR,26134,0.65682,0.26949
LTR,2614,0.14200,0.13300
LTR,26149,0.54169,0.24146
LTR,26194,0.48523,0.07715
LTR,26209,0.24065,0.12666
LTR,26224,0.07970,0.12298
LTR,26239,0.15672,0.09541
LTR,26254,0.57057,0.12258
LTR,26269,0.17205,0.29720
LTR,26284,0.45169,0.32529
LTR,2629,0.09334,0.15565
LTR,26299,0.18987,0.10645
LTR,26314,0.48307,0.18750
LTR,26329,0.23307,0.10553
LTR,26344,0.21726,0.18907
LTR,26359,0.26806,0.20602
LTR,26374,0.29424,0.42393
LTR,26389,0.36403,0.05599
LTR,26404,0.51477,0.06177
LTR,26419,0.62837,0.33552
LTR,26434,0.11138,0.07715
LTR,2644,0.29271,0.05688
LTR,26449,0.23477,0.16959
LTR,26479,0.15030,0.09576
LTR,26494,0.36743,0.30837
LTR,26509,0.61315,0.06250
LTR,26539,0.52904,0.31300
LTR,26554,0.06667,0.13264
LTR,26569,0.25624,0.14101
LTR,26584,0.11940,0.10391
LTR,2659,0.70734,0.19800
LTR,26599,0.10223,0.11011
LTR,26614,0.12246,0.14192
LTR,26629,0.00000,0.00000
LTR,26644,0.30312,0.08203
LTR,26659,0.16375,0.05688
LTR,26674,0.05012,0.10553
LTR,26689,0.34919,0.12041
LTR,26704,0.30259,0.21395
LTR,26719,0.33358,0.37387
LTR,26734,0.07133,0.03125
LTR,2674,0.26433,0.22876
LTR,26749,0.37155,0.28172
LTR,26764,0.08088,0.13300
LTR,26779,0.00000,0.00000
LTR,26794,0.24992,0.13151
LTR,26809,0.15554,0.13151
LTR,26839,0.54531,0.20767
LTR,26854,0.12908,0.03548
LTR,26869,0.18024,0.23329
LTR,26884,0.42080,0.12852
LTR,2689,0.00000,0.00000
LTR,26899,0.06056,0.03548
LTR,26914,0.00000,0.00000
LTR,26929,0.37211,0.11841
LTR,26944,0.19823,0.15977
LTR,26959,0.40209,0.30885
LTR,26974,0.00000,0.00000
LTR,26989,0.41506,0.93750
LTR,27004,0.03843,0.05688
LTR,27019,0.08614,0.15710
LTR,27034,0.38685,0.03125
LTR,2704,0.26878,0.22876
LTR,27049,0.47599,0.16258
LTR,27064,0.14701,0.18579
LTR,27079,0.03353,0.01562
LTR,27094,0.24659,0.09937
LTR,27109,0.31295,0.18746
LTR,27124,0.29659,0.15710
LTR,27139,0.14919,0.11011
LTR,27154,0.06797,0.12298
LTR,27169,0.48320,0.27101
LTR,27184,0.00000,0.00000
LTR,2719,0.13984,0.12298
LTR,27199,0.13121,0.03750
LTR,27214,0.81193,0.22241
LTR,27229,0.49343,0.30837
LTR,27244,0.32532,0.16454
LTR,27259,0.16102,0.06250
LTR,27274,0.00000,0.00000
LTR,27289,0.30013,0.32497
LTR,27304,0.12808,0.09180
LTR,27319,0.56132,0.31960
LTR,27334,0.51949,0.33217
LTR,2734,0.20208,0.06250
LTR,27349,0.07853,0.06250
LTR,27364,0.00000,0.00000
LTR,27379,0.01143,0.01562
LTR,27394,0.09437,0.10884
LTR,274,0.34197,0.19800
LTR,27409,0.16488,0.18299
LTR,27424,0.00000,0.00000
LTR,27439,0.22013,0.17742
LTR,27454,0.04365,0.09576
LTR,27469,0.38357,0.16626
LTR,27484,0.32532,0.16454
LTR,2749,0.07168,0.13264
LTR,27499,0.16170,0.14185
LTR,27514,0.41613,0.20930
LTR,27529,0.25302,0.25157
LTR,27544,0.39569,0.20443
LTR,27559,0.18042,0.10606
LTR,27574,0.14258,0.09541
LTR,27589,0.25764,0.25633
LTR,27604,0.37444,0.18746
LTR,27619,0.30478,0.09375
LTR,27634,0.00000,0.00000
LTR,27649,0.30079,0.09297
LTR,27664,0.22773,0.20443
LTR,27679,0.72614,0.28951
LTR,27694,0.04859,0.06451
LTR,27709,0.12199,0.11583
LTR,27724,0.11166,0.13359
LTR,27739,0.02517,0.01250
LTR,27754,0.00000,0.00000
LTR,27769,0.23968,0.26243
LTR,27784,0.14577,0.19973
LTR,2779,0.17193,0.22241
LTR,27799,0.91253,0.33552
LTR,27814,0.07133,0.03125
LTR,27829,0.17423,0.15412
LTR,27844,0.28765,0.29193
LTR,27859,0.39033,0.13501
LTR,27874,0.23976,0.14638
LTR,27889,0.16682,0.13184
LTR,27904,0.38800,0.17805
LTR,27919,0.69343,0.05078
LTR,27934,0.13330,0.20972
LTR,2794,0.10464,0.08813
LTR,27949,0.26268,0.10645
LTR,27964,0.03012,0.01250
LTR,27979,0.12389,0.06250
LTR,27994,0.13459,0.26334
LTR,28009,0.29533,0.25083
LTR,28024,0.59688,0.27192
LTR,28039,0.16382,0.12041
LTR,28054,0.52963,0.17548
LTR,28069,0.58654,0.09198
LTR,28084,0.56346,0.17805
LTR,2809,0.32491,0.10278
LTR,28099,0.31565,0.03548
LTR,28114,0.12763,0.18746
LTR,28129,0.17507,0.15977
LTR,28144,0.28960,0.10175
LTR,28159,0.18538,0.09375
LTR,28174,0.21215,0.04647
LTR,28189,0.73246,0.54705
LTR,28204,0.31193,0.12041
LTR,28219,0.39506,0.23329
LTR,28234,0.22208,0.17384
LTR,2824,0.51571,0.23992
LTR,28249,0.40265,0.15789
LTR,28264,0.25100,0.24013
LTR,28279,0.10215,0.23769
LTR,28294,0.00000,0.00000
LTR,28309,0.17469,0.28399
LTR,28324,0.28712,0.10606
LTR,28339,0.24005,0.10376
LTR,28354,0.36743,0.30837
LTR,28369,0.27247,0.20443
LTR,28384,0.06346,0.08813
LTR,2839,0.41049,0.21289
LTR,28399,0.44208,0.24939
LTR,28414,0.43661,0.25821
LTR,28429,0.33839,0.30885
LTR,28444,0.12269,0.11011
LTR,28459,0.53764,0.14673
LTR,28474,0.26262,0.09180
LTR,28489,0.06320,0.04647
LTR,28504,0.21192,0.09541
LTR,28519,0.04704,0.07715
LTR,28534,0.17654,0.06451
LTR,2854,0.05170,0.07481
LTR,28549,0.33604,0.09198
LTR,28564,0.48917,0.16625
LTR,28579,0.12388,0.05078
LTR,28594,0.29659,0.15710
LTR,28609,0.11251,0.13643
LTR,28624,0.48808,0.21647
LTR,28639,0.11138,0.07715
LTR,28654,0.20708,0.47224
LTR,28669,0.41384,0.14966
LTR,28684,0.44685,0.04647
LTR,2869,0.83042,0.31473
LTR,28699,0.09875,0.22479
LTR,28714,0.12407,0.13924
LTR,28729,0.07824,0.13264
LTR,28744,0.00000,0.00000
LTR,28759,0.00000,0.00000
LTR,28774,0.19842,0.07715
LTR,28789,0.09520,0.08813
LTR,28804,0.74466,0.60021
LTR,28819,0.66637,0.54705
LTR,28834,0.16627,0.23119
LTR,2884,0.02087,0.01562
LTR,28849,0.20800,0.05703
LTR,28864,0.13951,0.06478
LTR,28894,0.30641,0.11597
LTR,289,0.00000,0.00000
LTR,28909,0.22028,0.07481
LTR,28939,0.51477,0.19304
LTR,28954,0.14042,0.29435
LTR,28969,0.15679,0.07422
LTR,28984,0.31222,0.26223
LTR,2899,0.26215,0.19304
LTR,28999,0.53120,0.31331
LTR,29014,0.05536,0.11583
LTR,29029,0.10349,0.15789
LTR,29044,0.05792,0.12298
LTR,29059,0.31295,0.18746
LTR,29074,0.14196,0.11597
LTR,29089,0.38213,0.45581
LTR,29104,0.83042,0.31473
LTR,29134,0.55944,0.24829
LTR,2914,0.51373,0.47980
LTR,29149,0.35740,0.31331
LTR,29164,0.78957,0.30885
LTR,29179,0.19508,0.30132
LTR,29194,0.12794,0.07886
LTR,29209,0.07902,0.09180
LTR,29224,0.42318,0.38647
LTR,29239,0.44685,0.04647
LTR,29254,0.27727,0.02734
LTR,29269,0.16602,0.30132
LTR,29284,0.41613,0.20930
LTR,2929,0.14621,0.12476
LTR,29314,0.13128,0.20647
LTR,29329,0.11175,0.06250
LTR,29344,0.34995,0.22142
LTR,29359,0.39944,0.26050
LTR,29374,0.14661,0.29720
LTR,29389,0.04110,0.08813
LTR,29404,0.00000,0.00000
LTR,29419,0.03275,0.05688
LTR,2944,0.00000,0.00000
LTR,29449,0.19061,0.11583
LTR,29464,0.10325,0.11011
LTR,29479,0.38523,0.24829
LTR,29494,0.92210,0.96807
LTR,29509,0.17044,0.15565
LTR,29524,0.56358,0.20443
LTR,29539,0.37211,0.11841
LTR,29554,0.31766,0.10091
LTR,29569,0.47477,0.13264
LTR,29584,0.08738,0.06177
LTR,2959,0.07126,0.09576
LTR,29599,0.31193,0.12041
LTR,29614,0.66084,0.22149
LTR,29629,0.20805,0.04688
LTR,29644,0.10464,0.08813
LTR,29659,0.57337,0.18218
LTR,29674,0.27727,0.02734
LTR,29689,0.04912,0.03125
LTR,29704,0.55944,0.24829
LTR,29719,0.04406,0.07481
LTR,29734,0.11816,0.06177
LTR,2974,0.58007,0.26050
LTR,29749,0.70210,0.29435
LTR,29764,0.05693,0.12041
LTR,29779,0.38698,0.14873
LTR,29794,0.91972,0.08203
LTR,29809,0.18922,0.23097
LTR,29824,0.30079,0.11499
LTR,29839,0.34406,0.34201
LTR,29854,0.00000,0.00000
LTR,29869,0.46702,0.22876
LTR,29884,0.55085,0.42252
LTR,2989,0.25718,0.12534
LTR,29899,0.51684,0.19383
LTR,29914,0.03598,0.05078
LTR,29929,0.00000,0.00000
LTR,29944,0.05653,0.02083
LTR,29959,0.86879,0.33007
LTR,29974,0.13227,0.11876
LTR,29989,0.18273,0.04647
LTR,3004,0.08081,0.09541
LTR,3019,0.03012,0.01250
LTR,3034,0.41791,0.28951
LTR,304,0.03842,0.01562
LTR,3049,0.08481,0.01250
LTR,3064,0.83579,0.54752
LTR,3079,0.09242,0.02734
LTR,3094,0.34637,0.27399
LTR,3109,0.37506,0.14192
LTR,3139,0.32159,0.22876
LTR,3154,0.23739,0.24829
LTR,3169,0.29742,0.47224
LTR,3184,0.06179,0.03125
LTR,319,0.41005,0.14192
LTR,3199,0.00000,0.00000
LTR,3214,1.00000,0.34642
LTR,3229,0.15079,0.10606
LTR,3244,0.31193,0.12041
LTR,3259,0.34621,0.03255
LTR,3274,0.08076,0.14009
LTR,3289,0.09505,0.09541
LTR,3304,0.76046,0.58104
LTR,3319,0.40379,0.14009
LTR,3334,0.31766,0.10091
LTR,334,0.16962,0.07430
LTR,3349,0.30443,0.23384
LTR,3364,0.42080,0.12852
LTR,3379,0.08991,0.06451
LTR,3394,0.57512,0.14009
LTR,34,0.41946,0.17122
LTR,3409,0.42872,0.12666
LTR,3424,0.00000,0.00000
LTR,3439,0.27782,0.24489
LTR,3454,0.00000,0.00000
LTR,3469,0.02517,0.01250
LTR,3484,0.28977,0.15195
LTR,349,0.03203,0.04647
LTR,3499,0.48517,0.17351
LTR,3514,0.05695,0.09180
LTR,3529,0.54169,0.24146
LTR,3544,0.01746,0.02083
LTR,3559,0.14895,0.04647
LTR,3574,0.18438,0.09180
LTR,3589,0.11506,0.04297
LTR,3604,0.00000,0.00000
LTR,3619,0.15685,0.05078
LTR,3634,0.16386,0.20252
LTR,364,0.46179,0.30295
LTR,3649,0.56518,0.50468
LTR,3664,0.04374,0.01250
LTR,3679,0.02480,0.01562
LTR,3694,0.07866,0.11011
LTR,3709,0.00000,0.00000
LTR,3724,0.21332,0.09302
LTR,3739,0.15565,0.18020
LTR,3754,0.08064,0.08374
LTR,3769,0.55315,0.26367
LTR,3784,0.24426,0.09766
LTR,379,0.04636,0.04647
LTR,3799,0.31180,0.24013
LTR,3814,0.12113,0.12109
LTR,3829,0.14909,0.13501
LTR,3844,0.17613,0.26304
LTR,3859,0.09309,0.07715
LTR,3874,0.14286,0.11067
LTR,3889,0.44639,0.16625
LTR,3904,0.43738,0.29193
LTR,3919,0.87250,0.22526
LTR,3934,0.15765,0.09198
LTR,394,0.05336,0.01562
LTR,3949,0.23174,0.15789
LTR,3964,0.07515,0.12666
LTR,3979,0.00000,0.00000
LTR,3994,0.38033,0.22149
LTR,4,0.12157,0.06451
LTR,4009,0.07902,0.09180
LTR,4024,0.02879,0.02083
LTR,4039,0.43071,0.13329
LTR,4054,0.06497,0.11583
LTR,4069,0.04996,0.07715
LTR,4084,0.00000,0.00000
LTR,409,0.11677,0.08203
LTR,4099,0.08949,0.06844
LTR,4114,0.18438,0.09180
LTR,4129,0.26129,0.27743
LTR,4144,0.91253,0.33552
LTR,4189,0.10180,0.15039
LTR,4204,0.00000,0.00000
LTR,4219,0.44256,0.22701
LTR,4234,0.23267,0.28474
LTR,424,0.12277,0.09302
LTR,4249,0.14280,0.03255
LTR,4264,0.57337,0.18218
LTR,4279,0.16667,0.12298
LTR,4294,0.34621,0.03255
LTR,4309,0.29765,0.17742
LTR,4324,0.10159,0.03125
LTR,4339,0.10730,0.09541
LTR,4354,0.06640,0.09302
LTR,4369,0.15169,0.07481
LTR,4384,0.13066,0.12422
LTR,439,0.10522,0.03548
LTR,4399,0.61315,0.06250
LTR,4414,0.02879,0.02083
LTR,4429,0.34947,0.10376
LTR,4444,0.03795,0.03255
LTR,4459,0.27544,0.22701
LTR,4474,0.66084,0.22149
LTR,4489,0.44522,0.31616
LTR,4504,0.40408,0.33623
LTR,4519,0.26200,0.08472
LTR,4534,0.40245,0.23677
LTR,454,0.10304,0.12476
LTR,4549,0.37550,0.20767
LTR,4564,0.62155,0.33217
LTR,4579,0.16372,0.29208
LTR,4594,0.13614,0.10091
LTR,4609,0.00000,0.00000
LTR,4624,0.18166,0.10938
LTR,4639,0.37506,0.14192
LTR,4654,0.04279,0.06250
LTR,4669,0.47599,0.18579
LTR,4684,0.47244,0.16454
LTR,469,0.31559,0.12476
LTR,4699,0.58007,0.26050
LTR,4714,0.00000,0.00000
LTR,4729,0.12525,0.15710
LTR,4744,0.13869,0.06250
LTR,4759,0.01026,0.01250
LTR,4774,0.42080,0.15195
LTR,4789,0.34631,0.23372
LTR,4804,0.04266,0.09302
LTR,4819,0.31384,0.20767
LTR,4834,0.00000,0.00000
LTR,484,0.51477,0.06177
LTR,4849,0.04869,0.01562
LTR,4864,0.11506,0.04297
LTR,4879,0.00000,0.00000
LTR,4894,0.11229,0.08472
LTR,49,0.20712,0.09297
LTR,4909,0.14717,0.10091
LTR,4924,0.38357,0.05078
LTR,4939,0.51905,0.22876
LTR,4954,0.16589,0.08984
LTR,4969,0.04912,0.03125
LTR,4984,0.18438,0.09180
LTR,499,0.04636,0.04647
LTR,4999,0.47599,0.18579
LTR,5014,0.62308,0.42586
LTR,5029,0.00000,0.00000
LTR,5044,0.00000,0.00000
LTR,5059,0.13865,0.11011
LTR,5074,0.10897,0.09375
LTR,5089,0.08567,0.13264
LTR,5104,0.12523,0.16626
LTR,5119,0.86879,0.33007
LTR,5134,0.00000,0.00000
LTR,514,0.42318,0.30943
LTR,5149,0.21696,0.39919
LTR,5164,0.07818,0.01250
LTR,5179,0.23316,0.11876
LTR,5209,0.83042,0.31473
LTR,5224,0.11218,0.07481
LTR,5239,0.48979,0.28371
LTR,5254,0.63569,0.17384
LTR,5269,0.56132,0.31960
LTR,5284,0.53219,0.52151
LTR,529,0.23663,0.23769
LTR,5299,0.07824,0.09180
LTR,5314,0.69343,0.05078
LTR,5329,0.56346,0.20252
LTR,5344,0.59822,0.25554
LTR,5359,0.19557,0.27742
LTR,5374,0.03392,0.08203
LTR,5389,0.62876,0.27017
LTR,5404,0.04869,0.01562
LTR,5419,0.32529,0.29435
LTR,5434,0.37802,0.26949
LTR,544,0.06364,0.02734
LTR,5449,0.25691,0.16625
LTR,5464,0.03980,0.06250
LTR,5479,0.47037,0.07422
LTR,5494,0.49662,0.19800
LTR,5509,0.00000,0.00000
LTR,5524,0.13225,0.17805
LTR,5539,0.18480,0.09302
LTR,5554,0.86836,0.27743
LTR,5569,0.76940,0.29435
LTR,5584,0.77389,0.24587
LTR,559,0.18137,0.28223
LTR,5599,0.00000,0.00000
LTR,5614,0.27805,0.14009
LTR,5629,0.13125,0.10391
LTR,5644,0.72614,0.28951
LTR,5659,0.40252,0.33007
LTR,5674,0.19039,0.25034
LTR,5689,0.02879,0.02083
LTR,5704,0.08950,0.09541
LTR,5719,0.61643,0.08813
LTR,5734,0.49166,0.12422
LTR,574,0.02470,0.03548
LTR,5749,0.39285,0.31331
LTR,5764,0.00000,0.00000
LTR,5779,0.49146,0.32505
LTR,5794,0.13468,0.12020
LTR,5809,0.44685,0.12534
LTR,5824,0.44639,0.16625
LTR,5839,0.11118,0.10606
LTR,5854,0.08664,0.14673
LTR,5869,0.57337,0.18218
LTR,5884,0.37550,0.20767
LTR,589,0.25816,0.18907
LTR,5899,0.33333,0.11067
LTR,5914,0.03097,0.03255
LTR,5929,0.60431,0.20930
LTR,5944,0.48825,0.40772
LTR,5959,0.36311,0.06250
LTR,5974,0.30483,0.28371
LTR,5989,0.04755,0.06478
LTR,6004,0.18313,0.15278
LTR,6019,0.24992,0.13151
LTR,6034,0.52896,0.23384
LTR,604,0.65410,0.27192
LTR,6049,0.68435,0.10278
LTR,6079,0.45442,0.30885
LTR,6094,0.33333,0.13264
LTR,6109,0.39396,0.46606
LTR,6124,0.57337,0.18218
LTR,6139,0.57660,0.44141
LTR,6154,0.07566,0.06451
LTR,6169,0.08545,0.12337
LTR,6184,0.00000,0.00000
LTR,619,0.03755,0.05599
LTR,6199,0.35089,0.27743
LTR,6214,1.00000,0.34642
LTR,6229,0.04594,0.03125
LTR,6244,0.14986,0.03548
LTR,6259,0.25084,0.13643
LTR,6274,0.48523,0.07715
LTR,6289,0.17015,0.18481
LTR,6304,0.31750,0.20441
LTR,6319,0.27727,0.15789
LTR,6334,0.42407,0.14873
LTR,634,0.15931,0.11583
LTR,6349,0.38250,0.09375
LTR,6364,0.26413,0.16626
LTR,6379,0.00000,0.00000
LTR,6394,0.77142,0.31331
LTR,64,0.26129,0.21224
LTR,6409,0.63124,0.20196
LTR,6424,0.15205,0.13924
LTR,6439,0.00000,0.00000
LTR,6454,0.13121,0.01250
LTR,6469,0.04737,0.07481
LTR,6484,0.06322,0.07520
LTR,649,0.37506,0.14192
LTR,6499,0.00000,0.00000
LTR,6514,0.05123,0.09576
LTR,6529,0.31790,0.15977
LTR,6544,0.02261,0.06250
LTR,6559,0.78957,0.30885
LTR,6574,0.07438,0.07266
LTR,6589,0.06260,0.04688
LTR,6604,0.21553,0.23372
LTR,6619,0.27727,0.07734
LTR,6634,0.30310,0.51147
LTR,664,0.66276,0.15991
LTR,6649,0.44256,0.22701
LTR,6664,0.44244,0.33007
LTR,6679,0.12794,0.07886
LTR,6694,0.00000,0.00000
LTR,6709,0.38704,0.27742
LTR,6724,0.46928,0.06250
LTR,6739,0.08703,0.01562
LTR,6754,0.38290,0.19766
LTR,6769,0.10353,0.05078
LTR,6784,0.00000,0.00000
LTR,679,0.18551,0.13643
LTR,6799,0.91253,0.33552
LTR,6814,0.78601,0.28934
LTR,6829,0.31557,0.06451
LTR,6844,0.20770,0.27742
LTR,6859,0.04374,0.01250
LTR,6874,0.28960,0.12298
LTR,6889,0.44639,0.16625
LTR,6904,0.34947,0.10376
LTR,6919,0.63410,0.94214
LTR,6934,0.39709,0.17733
LTR,694,0.32730,0.22701
LTR,6949,0.80576,0.26949
LTR,6964,0.04012,0.04297
LTR,6979,0.01427,0.03125
LTR,6994,0.13787,0.16625
LTR,7024,0.19013,0.20767
LTR,7039,0.69303,0.58842
LTR,7054,0.07515,0.12666
LTR,7069,0.06195,0.02083
LTR,709,0.10836,0.11583
LTR,7099,0.50874,0.08203
LTR,7114,0.10097,0.12298
LTR,7129,0.04782,0.09375
LTR,7144,0.35014,0.23366
LTR,7159,0.50693,0.18907
LTR,7174,0.14097,0.11583
LTR,7189,0.22583,0.30214
LTR,7204,0.41613,0.20930
LTR,7219,0.09334,0.15565
LTR,7234,0.00000,0.00000
LTR,724,0.32714,0.33368
LTR,7249,0.85393,0.32505
LTR,7264,0.30090,0.29435
LTR,7279,0.10145,0.17742
LTR,7294,0.04906,0.10278
LTR,7309,0.15079,0.08472
LTR,7324,0.38357,0.05078
LTR,7339,0.42080,0.15195
LTR,7354,0.13603,0.10884
LTR,7369,0.08576,0.10645
LTR,7384,0.28548,0.31225
LTR,7399,0.51818,0.14876
LTR,7414,0.06935,0.02083
LTR,7429,0.19601,0.09937
LTR,7444,0.05634,0.10606
LTR,7459,0.13260,0.24013
LTR,7474,0.15554,0.13151
LTR,7489,0.29895,0.47379
LTR,7504,0.05106,0.03255
LTR,7519,0.57337,0.20699
LTR,7534,0.43495,0.30644
LTR,754,0.37765,0.27004
LTR,7549,0.44685,0.15001
LTR,7564,0.20253,0.06641
LTR,7579,0.39015,0.09198
LTR,7594,0.06904,0.03255
LTR,7609,0.22134,0.27954
LTR,7624,0.42080,0.12852
LTR,7639,0.17982,0.08472
LTR,7654,0.18671,0.23871
LTR,7669,0.66084,0.19559
LTR,7684,0.62782,0.22121
LTR,769,0.00000,0.00000
LTR,7699,0.31398,0.35844
LTR,7714,0.29823,0.17384
LTR,7729,0.29003,0.23677
LTR,7744,1.00000,0.24829
LTR,7759,0.67415,0.51372
LTR,7774,0.30259,0.21395
LTR,7789,0.00000,0.00000
LTR,7804,0.28901,0.26823
LTR,7819,0.52396,0.29897
LTR,7834,0.07133,0.03125
LTR,784,0.65682,0.26949
LTR,7849,0.00000,0.00000
LTR,7864,0.47762,0.04297
LTR,7879,0.59688,0.27192
LTR,7894,0.06507,0.06250
LTR,79,0.30079,0.11499
LTR,7909,0.11045,0.10391
LTR,7924,0.62782,0.22121
LTR,7939,0.13617,0.21704
LTR,7954,0.25908,0.23871
LTR,7969,0.25912,0.10645
LTR,7984,0.37211,0.11841
LTR,799,0.28960,0.10175
LTR,7999,0.24240,0.18579
LTR,8014,0.08460,0.10645
LTR,8029,0.16382,0.12041
LTR,8044,0.21399,0.03125
LTR,8059,0.03136,0.07422
LTR,8074,0.09989,0.10553
LTR,8089,0.12157,0.06451
LTR,8104,0.33380,0.09334
LTR,8119,0.01278,0.01562
LTR,8134,0.00000,0.00000
LTR,814,0.00000,0.00000
LTR,8149,0.15963,0.19383
LTR,8164,0.47267,0.23329
LTR,8179,0.25652,0.18833
LTR,8194,0.19061,0.11583
LTR,8209,0.60136,0.57347
LTR,8224,0.05710,0.05688
LTR,8239,0.23770,0.12422
LTR,8254,0.21639,0.12020
LTR,8269,0.08262,0.09576
LTR,8284,0.02855,0.02734
LTR,829,0.24426,0.09766
LTR,8299,0.00000,0.00000
LTR,8314,0.02256,0.01562
LTR,8329,0.09462,0.18610
LTR,8344,0.43071,0.15710
LTR,8359,0.75996,0.29193
LTR,8374,0.39139,0.94279
LTR,8389,0.34519,0.04297
LTR,8404,0.06007,0.07520
LTR,8419,0.28490,0.24829
LTR,8434,0.04818,0.11011
LTR,844,0.07671,0.16626
LTR,8449,0.14455,0.20054
LTR,8464,0.01988,0.02734
LTR,8479,0.34599,0.25633
LTR,8494,0.45395,0.33368
LTR,8509,0.70210,0.29435
LTR,8524,0.18313,0.15278
LTR,8539,0.03079,0.03750
LTR,8554,0.56346,0.17805
LTR,8569,0.06667,0.11067
LTR,8584,0.11883,0.07734
LTR,859,0.22986,0.09334
LTR,8599,0.00000,0.00000
LTR,8614,0.07448,0.10278
LTR,8629,0.08092,0.10606
LTR,8644,0.03392,0.06250
LTR,8659,0.05123,0.09576
LTR,8674,0.23946,0.19383
LTR,8689,0.09035,0.03750
LTR,8704,0.03432,0.06177
LTR,8719,0.27643,0.38379
LTR,8734,0.00000,0.00000
LTR,874,0.53174,0.22559
LTR,8749,0.14378,0.03750
LTR,8764,0.10797,0.07422
LTR,8779,0.25193,0.18746
LTR,8794,0.16375,0.05688
LTR,8809,0.06406,0.07481
LTR,8824,0.47477,0.11067
LTR,8839,0.05693,0.12041
LTR,8854,0.34590,0.10059
LTR,8869,0.25906,0.08374
LTR,8884,0.02557,0.05078
LTR,889,0.69854,0.27593
LTR,8899,0.38033,0.19559
LTR,8914,0.04984,0.05703
LTR,8929,0.21586,0.14192
LTR,8944,0.50415,0.50468
LTR,8959,0.31425,0.12020
LTR,8989,0.03911,0.04647
LTR,9004,0.03392,0.08203
LTR,9019,0.27601,0.19057
LTR,9034,0.23764,0.22121
LTR,904,0.32020,0.27017
LTR,9049,0.34519,0.04297
LTR,9064,0.17316,0.19800
LTR,9079,0.67249,0.27742
LTR,9094,0.00000,0.00000
LTR,9109,0.42497,0.23600
LTR,9124,0.05058,0.05688
LTR,9139,0.88546,0.09302
LTR,9154,0.20063,0.10376
LTR,9169,0.25827,0.14192
LTR,9184,0.00000,0.00000
LTR,919,0.24225,0.22483
LTR,9199,0.00000,0.00000
LTR,9214,0.76830,0.40058
LTR,9229,0.22880,0.18299
LTR,9244,0.04279,0.06250
LTR,9259,0.01484,0.02083
LTR,9274,0.02979,0.04647
LTR,9289,0.16382,0.12041
LTR,9304,0.07818,0.01250
LTR,9319,0.14459,0.07886
LTR,9334,0.65082,0.07422
LTR,934,0.03892,0.02083
LTR,9349,0.24668,0.17440
LTR,9364,0.15030,0.07520
LTR,9379,0.08416,0.12852
LTR,9394,0.22013,0.15485
LTR,94,0.04869,0.01562
LTR,9409,0.00000,0.00000
LTR,9424,0.57552,0.25050
LTR,9439,0.65481,0.09576
LTR,9454,0.06285,0.12020
LTR,9469,0.22812,0.10278
LTR,9484,0.23720,0.03750
LTR,949,0.14607,0.04688
LTR,9499,0.23307,0.10553
LTR,9514,0.37211,0.14101
LTR,9544,0.22953,0.11067
LTR,9559,0.20712,0.11499
LTR,9574,0.09441,0.07481
LTR,9589,0.27727,0.02734
LTR,9604,0.00000,0.00000
LTR,9619,0.32885,0.33007
LTR,9634,0.00000,0.00000
LTR,964,0.29784,0.24056
LTR,9649,0.21586,0.14192
LTR,9664,0.46491,0.39919
LTR,9679,0.82549,0.44453
LTR,9694,0.07442,0.14101
LTR,9709,0.36231,0.24056
LTR,9724,0.25379,0.16959
LTR,9739,0.00000,0.00000
LTR,9754,0.14496,0.09937
LTR,9769,0.18373,0.15680
LTR,9784,0.64728,0.57771
LTR,979,0.26400,0.08984
LTR,9799,0.15363,0.24939
LTR,9814,0.30079,0.09297
LTR,9829,0.02087,0.01562
LTR,9844,0.83042,0.31473
LTR,9859,0.45918,0.22479
LTR,9874,0.45964,0.24159
LTR,9889,0.32777,0.16258
LTR,9904,0.15494,0.21633
LTR,9919,0.21399,0.03125
LTR,9934,0.21100,0.11597
LTR,994,0.15785,0.25633
LTR,9949,0.39635,0.24311
LTR,9964,0.51818,0.17384
LTR,9979,0.55749,0.27874
LTR,9994,0.13857,0.25157
