runid,topic,ndcg@5,err@5
LTR,10,0.15730,0.22701
LTR,100,0.19849,0.16786
LTR,1000,0.14286,0.13264
LTR,10000,0.07902,0.09180
LTR,10015,0.03353,0.01562
LTR,10030,0.00000,0.00000
LTR,10060,0.08156,0.10606
LTR,10075,0.14794,0.12422
LTR,10090,0.31295,0.18746
LTR,10105,0.18438,0.09180
LTR,10120,0.15059,0.16851
LTR,10135,0.35669,0.29579
LTR,1015,0.00000,0.00000
LTR,10150,0.32777,0.18579
LTR,10165,0.15030,0.09576
LTR,10180,0.77266,0.17742
LTR,10195,0.41341,0.27752
LTR,10210,0.10206,0.07481
LTR,10225,0.23772,0.33070
LTR,10240,0.18807,0.03548
LTR,10255,0.00000,0.00000
LTR,10270,0.03755,0.05599
LTR,10285,0.36989,0.22701
LTR,1030,0.04766,0.04647
LTR,10315,0.00000,0.00000
LTR,10330,0.90262,0.33217
LTR,10345,0.75996,0.29193
LTR,10360,0.07807,0.13501
LTR,10375,0.35669,0.24817
LTR,10390,0.59835,0.36821
LTR,10405,0.04793,0.01250
LTR,10420,0.14319,0.20767
LTR,10435,0.30851,0.31202
LTR,1045,0.59822,0.25554
LTR,10450,0.00000,0.00000
LTR,10465,0.17377,0.14192
LTR,10480,0.23139,0.20767
LTR,10495,0.09917,0.10606
LTR,10510,0.38357,0.16626
LTR,10540,0.90262,0.33217
LTR,10555,0.03012,0.01250
LTR,10570,0.16389,0.04297
LTR,10585,0.03632,0.03125
LTR,1060,0.11584,0.14192
LTR,10600,0.56358,0.20443
LTR,10615,0.00000,0.00000
LTR,10630,0.37606,0.28516
LTR,10645,0.46639,0.33158
LTR,10660,0.00000,0.00000
LTR,10675,0.02750,0.05078
LTR,10690,0.52168,0.46167
LTR,10705,0.30465,0.25554
LTR,10720,0.04996,0.07715
LTR,10735,0.04636,0.04647
LTR,1075,0.29746,0.19383
LTR,10750,0.49662,0.19800
LTR,10765,0.10159,0.03125
LTR,10780,0.17272,0.18750
LTR,10795,0.00000,0.00000
LTR,10810,0.39264,0.17163
LTR,10825,0.04051,0.06641
LTR,10840,0.06907,0.04590
LTR,10855,0.77146,0.20972
LTR,10870,0.04906,0.10278
LTR,10885,0.00000,0.00000
LTR,1090,0.10962,0.12298
LTR,10900,0.64269,0.22701
LTR,10915,0.88695,0.32529
LTR,10930,0.87895,0.96803
LTR,10945,0.21934,0.15710
LTR,10960,0.30738,0.16625
LTR,10975,0.00000,0.00000
LTR,10990,0.04636,0.06451
LTR,11005,0.09024,0.07422
LTR,11020,0.56521,0.11841
LTR,11035,0.03451,0.01250
LTR,1105,0.50950,0.37983
LTR,11050,0.09925,0.09937
LTR,11065,0.15030,0.07520
LTR,11080,0.51949,0.33217
LTR,11095,0.13479,0.10091
LTR,11110,0.00000,0.00000
LTR,11125,0.55944,0.24829
LTR,11140,0.11118,0.10606
LTR,11155,0.17272,0.18750
LTR,11170,0.56829,0.38647
LTR,11185,0.10522,0.03548
LTR,1120,0.83954,0.28843
LTR,11200,0.14607,0.01562
LTR,11215,0.14378,0.03750
LTR,11230,0.05383,0.08984
LTR,11245,0.00000,0.00000
LTR,11260,0.57558,0.24311
LTR,11275,0.24091,0.08984
LTR,11290,0.27353,0.25157
LTR,11305,0.42080,0.15195
LTR,11320,0.02750,0.05078
LTR,11335,0.08703,0.01562
LTR,1135,0.45363,0.46899
LTR,11350,0.00000,0.00000
LTR,11365,0.08265,0.04590
LTR,11380,0.38684,0.33217
LTR,11395,0.28960,0.12298
LTR,11425,0.28560,0.25034
LTR,11440,0.06208,0.06844
LTR,11455,0.60116,0.25633
LTR,11470,0.44811,0.31908
LTR,11485,0.05536,0.11583
LTR,115,0.24374,0.14673
LTR,1150,0.38685,0.01250
LTR,11500,0.25767,0.14192
LTR,11515,0.03911,0.04647
LTR,11530,0.34590,0.31960
LTR,11545,0.19018,0.13300
LTR,11560,0.43308,0.30141
LTR,11575,0.48811,0.22526
LTR,11590,0.43062,0.11011
LTR,11605,0.16589,0.08984
LTR,11620,0.70210,0.29435
LTR,11635,0.04105,0.03125
LTR,1165,0.50688,0.35158
LTR,11650,0.62782,0.22121
LTR,11665,0.38196,0.94336
LTR,11680,0.38704,0.27742
LTR,11695,0.14286,0.11067
LTR,11710,0.11622,0.13264
LTR,11725,0.18889,0.24013
LTR,11740,0.32999,0.20699
LTR,11755,0.31557,0.06451
LTR,11770,0.47599,0.18579
LTR,11785,0.11622,0.13264
LTR,1180,0.06857,0.08472
LTR,11800,0.42504,0.21997
LTR,11815,0.00000,0.00000
LTR,11830,0.21736,0.12323
LTR,11845,0.52519,0.33552
LTR,11860,0.34599,0.25633
LTR,11875,0.56806,0.38867
LTR,11890,0.00000,0.00000
LTR,11905,0.19069,0.13300
LTR,11920,0.55656,0.24860
LTR,11935,0.06877,0.09541
LTR,1195,0.46374,0.25998
LTR,11950,0.18525,0.15485
LTR,11965,0.14895,0.04647
LTR,11980,0.55356,0.32230
LTR,12010,0.16585,0.14873
LTR,12025,0.22901,0.26949
LTR,12040,0.13152,0.04590
LTR,12055,0.08804,0.05078
LTR,12070,0.26427,0.22479
LTR,12085,0.26407,0.01562
LTR,1210,0.11816,0.06177
LTR,12100,0.07970,0.12298
LTR,12115,0.22880,0.18299
LTR,12130,0.31841,0.30132
LTR,12145,0.13217,0.22149
LTR,12160,0.11601,0.21997
LTR,12175,0.47037,0.21797
LTR,12190,0.15079,0.10606
LTR,12205,0.25906,0.08374
LTR,12220,0.65836,0.28710
LTR,12235,0.60625,0.18750
LTR,1225,0.25265,0.20767
LTR,12250,0.01848,0.02734
LTR,12265,0.02688,0.02734
LTR,12295,0.21673,0.23769
LTR,12310,0.17654,0.06451
LTR,12325,0.10159,0.03125
LTR,12340,0.14621,0.12476
LTR,12355,0.11390,0.14966
LTR,12370,0.08081,0.09541
LTR,12385,0.16958,0.02083
LTR,1240,0.36989,0.22701
LTR,12400,0.10703,0.04688
LTR,12415,0.27229,0.18610
LTR,12430,0.21586,0.14192
LTR,12445,0.11115,0.19383
LTR,12460,0.00000,0.00000
LTR,12475,0.63093,0.21875
LTR,12490,0.09174,0.13264
LTR,12505,0.12431,0.17548
LTR,12520,0.43071,0.15710
LTR,12535,0.07818,0.01250
LTR,1255,0.01216,0.02083
LTR,12550,0.04737,0.07481
LTR,12565,0.00000,0.00000
LTR,12580,0.78601,0.10606
LTR,12595,0.11721,0.16625
LTR,12610,0.05336,0.01562
LTR,12625,0.29424,0.17519
LTR,12640,0.38357,0.14453
LTR,12670,0.41658,0.14638
LTR,12685,0.11622,0.13264
LTR,1270,0.12678,0.07481
LTR,12700,0.78957,0.30885
LTR,12715,0.42530,0.94583
LTR,12730,0.21399,0.09375
LTR,12745,0.00000,0.00000
LTR,12760,0.32343,0.22047
LTR,12775,0.11305,0.06250
LTR,12790,0.19151,0.15001
LTR,12805,0.15459,0.19800
LTR,12820,0.40851,0.32526
LTR,12835,0.34947,0.12666
LTR,1285,0.32082,0.24860
LTR,12850,0.07785,0.06250
LTR,12865,0.09124,0.10553
LTR,12880,0.12562,0.09576
LTR,12895,0.00000,0.00000
LTR,12910,0.68443,0.19766
LTR,12925,0.13121,0.03750
LTR,12940,0.17654,0.06451
LTR,12955,0.26488,0.16484
LTR,12970,0.17279,0.24829
LTR,12985,0.16421,0.14873
LTR,130,0.81515,0.31960
LTR,1300,0.03519,0.06250
LTR,13000,0.46171,0.25155
LTR,13015,0.10638,0.11876
LTR,13030,0.30443,0.23384
LTR,13045,0.24153,0.06250
LTR,13060,0.23341,0.30644
LTR,13075,0.00000,0.00000
LTR,13090,0.07966,0.05599
LTR,13105,0.17989,0.05078
LTR,13120,0.00000,0.00000
LTR,13135,0.00000,0.00000
LTR,1315,0.33916,0.06250
LTR,13150,0.00000,0.00000
LTR,13165,0.86879,0.12298
LTR,13180,0.15199,0.29193
LTR,13195,0.25302,0.25157
LTR,13210,0.00000,0.00000
LTR,13225,0.07268,0.08203
LTR,13240,0.07245,0.03548
LTR,13255,0.88695,0.32529
LTR,13270,0.17644,0.37095
LTR,13285,0.07018,0.05688
LTR,1330,0.00000,0.00000
LTR,13300,0.12617,0.11067
LTR,13330,0.47037,0.21797
LTR,13345,0.08573,0.04647
LTR,13360,0.15030,0.07520
LTR,13375,0.02979,0.04647
LTR,13390,0.09455,0.10175
LTR,13405,0.55354,0.37491
LTR,13420,0.03598,0.05078
LTR,13435,0.39108,0.28591
LTR,1345,0.47244,0.16454
LTR,13450,0.25302,0.25157
LTR,13465,0.26413,0.16626
LTR,13480,0.46032,0.15412
LTR,13495,0.17279,0.24829
LTR,13510,0.06831,0.10091
LTR,13525,0.70210,0.29435
LTR,13540,0.15762,0.25633
LTR,13555,0.16174,0.07715
LTR,13570,0.33916,0.06250
LTR,13585,0.03203,0.04647
LTR,1360,0.12277,0.09302
LTR,13600,0.09290,0.11499
LTR,13615,0.46414,0.46332
LTR,13630,0.28686,0.14638
LTR,13645,0.15708,0.10278
LTR,13660,0.02156,0.03255
LTR,13675,0.68415,0.50690
LTR,13690,0.31803,0.23329
LTR,13705,0.63093,0.03125
LTR,13720,0.16958,0.08203
LTR,13735,0.06123,0.08750
LTR,1375,0.18034,0.12852
LTR,13750,0.03892,0.02083
LTR,13765,0.53741,0.35644
LTR,13780,1.00000,0.34642
LTR,13795,0.00000,0.00000
LTR,13810,0.18336,0.21492
LTR,13825,0.11622,0.13264
LTR,13840,0.60143,0.39114
LTR,13855,0.00000,0.00000
LTR,13870,0.07671,0.16626
LTR,13885,0.78273,0.58406
LTR,1390,0.00000,0.00000
LTR,13900,0.26565,0.20699
LTR,13915,0.03554,0.04297
LTR,13930,0.00000,0.00000
LTR,13945,0.00000,0.00000
LTR,13960,0.37155,0.28172
LTR,13975,0.48850,0.30367
LTR,13990,0.04931,0.04297
LTR,14005,0.24789,0.15710
LTR,14020,0.34858,0.13359
LTR,14035,0.19915,0.29230
LTR,1405,0.00000,0.00000
LTR,14050,0.85393,0.32505
LTR,14065,0.08046,0.05599
LTR,14080,0.14159,0.17763
LTR,14095,0.36425,0.23384
LTR,14110,0.43942,0.21395
LTR,14125,0.42955,0.26823
LTR,14140,0.05792,0.12298
LTR,14155,0.05693,0.09937
LTR,14170,0.00000,0.00000
LTR,14185,0.85734,0.30837
LTR,1420,0.24141,0.17122
LTR,14200,0.13450,0.23349
LTR,14215,0.19601,0.12041
LTR,14230,0.13849,0.13062
LTR,14245,0.13121,0.01250
LTR,14260,0.56231,0.33419
LTR,14275,0.02701,0.04297
LTR,14290,0.26129,0.27743
LTR,14305,0.16336,0.20972
LTR,14320,0.11131,0.24860
LTR,14335,0.13468,0.12020
LTR,1435,0.17193,0.14673
LTR,14365,0.21968,0.28371
LTR,14380,0.28944,0.23372
LTR,14395,0.49662,0.19800
LTR,14410,0.74088,0.30063
LTR,14425,0.08284,0.06250
LTR,14440,0.06384,0.04647
LTR,14470,0.76987,0.29579
LTR,14485,0.11116,0.09576
LTR,145,0.09079,0.04297
LTR,1450,0.17159,0.06177
LTR,14500,0.20868,0.14936
LTR,14515,0.11172,0.16258
LTR,14530,0.06179,0.03125
LTR,14545,0.11305,0.06250
LTR,14560,0.11530,0.03548
LTR,14575,0.01687,0.02083
LTR,14590,0.45201,0.20647
LTR,14605,0.31768,0.22615
LTR,14620,0.05693,0.12041
LTR,14635,0.55978,0.53272
LTR,1465,0.23954,0.21797
LTR,14650,0.87722,0.07715
LTR,14665,0.16667,0.12298
LTR,14680,0.00000,0.00000
LTR,14695,0.28263,0.12109
LTR,14710,0.24839,0.20972
LTR,14725,0.07604,0.10175
LTR,14740,0.06935,0.01562
LTR,14755,0.15030,0.09576
LTR,14770,0.37606,0.28516
LTR,14785,0.50291,0.23372
LTR,1480,0.41658,0.14638
LTR,14800,0.19601,0.12041
LTR,14815,0.14200,0.13300
LTR,14830,0.16919,0.16959
LTR,14845,0.10161,0.06451
LTR,14860,0.15402,0.13216
LTR,14875,0.28770,0.27004
LTR,14890,0.12149,0.14101
LTR,14905,0.49292,0.47379
LTR,14920,0.59224,0.13300
LTR,14935,0.17216,0.13924
LTR,1495,0.32385,0.25943
LTR,14950,0.24538,0.19973
LTR,14965,0.08407,0.04688
LTR,14980,0.44067,0.26304
LTR,14995,0.19867,0.12422
LTR,15010,1.00000,0.34642
LTR,15025,0.10863,0.09302
LTR,15040,0.03521,0.05688
LTR,15055,0.01216,0.02083
LTR,15070,0.28484,0.39919
LTR,15085,0.26113,0.08472
LTR,1510,0.20895,0.22943
LTR,15100,0.10097,0.12298
LTR,15115,0.00000,0.00000
LTR,15130,0.08202,0.12666
LTR,15145,0.00000,0.00000
LTR,15160,0.00000,0.00000
LTR,15175,0.03353,0.01562
LTR,15190,0.16174,0.07715
LTR,15205,0.04562,0.10278
LTR,15220,0.55584,0.19670
LTR,1525,0.77389,0.24587
LTR,15250,0.15250,0.13216
LTR,15265,0.74429,0.28399
LTR,15280,0.17247,0.26949
LTR,15295,0.22102,0.23992
LTR,15325,0.11187,0.13216
LTR,15340,0.36294,0.13151
LTR,15355,0.37419,0.14192
LTR,15370,0.15310,0.13300
LTR,1540,0.51818,0.14876
LTR,15400,0.57393,0.53290
LTR,15415,0.39206,0.29579
LTR,15430,0.10875,0.18746
LTR,15445,0.15784,0.27742
LTR,15460,0.76646,0.31164
LTR,15475,0.04266,0.07266
LTR,15490,0.48307,0.18750
LTR,15505,0.05638,0.04647
LTR,15520,0.68642,0.23329
LTR,15535,0.19601,0.12041
LTR,1555,0.68860,0.34642
LTR,15550,0.41437,0.14453
LTR,15565,0.37701,0.19935
LTR,15580,0.06667,0.13264
LTR,15595,0.14895,0.04647
LTR,15610,0.05536,0.11583
LTR,15625,0.31619,0.22479
LTR,15670,0.04279,0.06250
LTR,15685,0.36581,0.30885
LTR,1570,0.28419,0.20020
LTR,15700,0.36471,0.19973
LTR,15715,0.75436,0.19973
LTR,15730,0.23337,0.17896
LTR,15745,0.16421,0.14873
LTR,15760,0.07188,0.13216
LTR,15775,0.12233,0.18579
LTR,15790,0.00000,0.00000
LTR,15805,0.77134,0.27017
LTR,15820,0.16361,0.17742
LTR,15835,0.31892,0.18434
LTR,1585,0.51046,0.32529
LTR,15850,0.09317,0.07520
LTR,15865,0.24091,0.11011
LTR,15880,0.06120,0.10553
LTR,15895,0.35590,0.19383
LTR,15910,0.15775,0.23769
LTR,15925,0.05924,0.05078
LTR,15940,0.38250,0.09375
LTR,15955,0.06346,0.08813
LTR,15970,0.02979,0.04647
LTR,15985,0.21215,0.04647
LTR,160,0.00000,0.00000
LTR,1600,0.37721,0.16959
LTR,16000,0.39038,0.06250
LTR,16015,0.14895,0.04647
LTR,16030,0.14347,0.21395
LTR,16045,0.10987,0.03255
LTR,16060,0.00000,0.00000
LTR,16075,0.15679,0.07422
LTR,16090,0.11220,0.17519
LTR,16105,0.03922,0.02734
LTR,16120,0.00000,0.00000
LTR,16135,0.03018,0.02734
LTR,1615,0.82484,0.41498
LTR,16150,0.31557,0.06451
LTR,16165,0.14220,0.13264
LTR,16180,0.01327,0.02083
LTR,16195,0.24093,0.18610
LTR,16210,0.12938,0.26502
LTR,16225,0.23174,0.15789
LTR,16240,0.25092,0.24787
LTR,16255,0.08991,0.06451
LTR,16270,0.39070,0.94399
LTR,16285,0.28405,0.33552
LTR,1630,0.05653,0.02083
LTR,16315,0.04419,0.08813
LTR,16330,0.10612,0.09180
LTR,16345,0.43068,0.01562
LTR,16360,0.15708,0.10278
LTR,16375,0.24860,0.26050
LTR,16390,0.44639,0.16625
LTR,16405,0.11251,0.13643
LTR,16420,0.33962,0.29720
LTR,16435,0.07354,0.06177
LTR,1645,0.02261,0.06250
LTR,16450,0.03205,0.01250
LTR,16465,0.22195,0.06641
LTR,16480,0.23893,0.20196
LTR,16495,0.35742,0.22876
LTR,16510,0.10088,0.05078
LTR,16525,0.09354,0.07520
LTR,16540,0.24091,0.08984
LTR,16555,0.23464,0.02083
LTR,16570,0.65481,0.26923
LTR,16585,0.26373,0.17896
LTR,1660,0.31766,0.10091
LTR,16600,0.08460,0.10645
LTR,16615,0.07133,0.03125
LTR,16630,0.00000,0.00000
LTR,16645,0.37573,0.16229
LTR,16660,0.35855,0.24587
LTR,16675,0.02624,0.03750
LTR,16690,0.39482,0.20699
LTR,16720,0.02427,0.02734
LTR,16735,0.63124,0.20196
LTR,1675,0.43071,0.15710
LTR,16750,0.62488,0.29838
LTR,16765,0.23376,0.07266
LTR,16780,0.11305,0.06250
LTR,16795,0.02227,0.01250
LTR,16810,0.78601,0.28934
LTR,16840,0.30583,0.20921
LTR,16870,0.23642,0.06844
LTR,1690,0.96962,0.57177
LTR,16900,0.06667,0.13264
LTR,16915,0.16130,0.17384
LTR,16930,0.00000,0.00000
LTR,16945,0.65900,0.11068
LTR,16960,0.14795,0.17805
LTR,16975,0.40974,0.47097
LTR,16990,0.31920,0.12258
LTR,17005,0.11305,0.06250
LTR,17020,0.50000,0.02083
LTR,17035,0.00000,0.00000
LTR,1705,0.01644,0.02083
LTR,17050,0.55944,0.24829
LTR,17065,0.03235,0.07715
LTR,17080,0.00000,0.00000
LTR,17110,0.62833,0.20699
LTR,17125,0.19151,0.12534
LTR,17140,0.08159,0.13264
LTR,17155,0.02400,0.04590
LTR,17170,0.13121,0.03750
LTR,17185,0.28486,0.24927
LTR,1720,0.18773,0.05599
LTR,17200,0.06797,0.12298
LTR,17215,0.26215,0.19304
LTR,17230,0.32035,0.08472
LTR,17245,0.91253,0.33552
LTR,17260,0.02802,0.01562
LTR,17275,0.59661,0.47987
LTR,17290,0.05784,0.07481
LTR,17305,0.13680,0.12258
LTR,17320,0.51477,0.16929
LTR,17335,0.25752,0.13062
LTR,1735,0.51283,0.13184
LTR,17350,0.31161,0.57072
LTR,17365,0.18167,0.12323
LTR,17380,0.39411,0.24587
LTR,17395,0.01874,0.01250
LTR,17410,0.33409,0.17351
LTR,17425,0.16820,0.09766
LTR,17440,0.11467,0.20699
LTR,17455,0.07133,0.03125
LTR,17470,0.11530,0.03548
LTR,17485,0.00000,0.00000
LTR,175,0.33916,0.06250
LTR,1750,0.60029,0.25633
LTR,17500,0.43071,0.15710
LTR,17515,0.59583,0.13264
LTR,17530,0.06803,0.07481
LTR,17545,0.27190,0.16454
LTR,17560,0.22602,0.47224
LTR,17575,0.09917,0.10606
LTR,17605,0.09760,0.06250
LTR,17620,0.04374,0.01250
LTR,17635,0.65481,0.26923
LTR,1765,0.60668,0.39962
LTR,17650,0.25255,0.36714
LTR,17665,0.00000,0.00000
LTR,17680,0.05410,0.11068
LTR,17695,0.10397,0.04590
LTR,17710,0.10029,0.15278
LTR,17725,0.25827,0.14192
LTR,17740,0.03892,0.02083
LTR,17755,0.39038,0.06250
LTR,17770,0.07566,0.06451
LTR,17785,0.34947,0.10376
LTR,1780,0.50501,0.50812
LTR,17800,0.28497,0.14966
LTR,17815,0.01971,0.02083
LTR,17830,0.36294,0.13151
LTR,17845,0.02140,0.02083
LTR,17860,0.29719,0.20972
LTR,17875,0.12002,0.04590
LTR,17890,0.31425,0.12020
LTR,17905,0.00000,0.00000
LTR,17920,0.43068,0.04688
LTR,17935,0.03346,0.04297
LTR,1795,0.32159,0.22876
LTR,17950,0.02427,0.02734
LTR,17965,0.26647,0.12555
LTR,17980,0.49758,0.36582
LTR,17995,0.61075,0.24759
LTR,18010,0.24059,0.16454
LTR,18025,0.06129,0.05599
LTR,18040,0.12396,0.14936
LTR,18055,0.08920,0.06250
LTR,18070,0.33924,0.31272
LTR,18085,0.78116,0.55566
LTR,1810,0.03353,0.01562
LTR,18100,0.14016,0.15039
LTR,18115,0.08614,0.15710
LTR,18130,0.17352,0.22149
LTR,18145,0.04636,0.04647
LTR,18160,0.08400,0.08984
LTR,18175,0.12411,0.12298
LTR,18190,0.05300,0.06177
LTR,18205,0.08433,0.11597
LTR,18220,0.90262,0.33217
LTR,18235,0.16999,0.09334
LTR,1825,0.39015,0.09198
LTR,18250,0.03496,0.04647
LTR,18265,0.06775,0.11583
LTR,18280,0.15899,0.16929
LTR,18295,0.30641,0.11597
LTR,18310,1.00000,0.34642
LTR,18325,0.53120,0.31331
LTR,18340,0.00000,0.00000
LTR,18355,0.14895,0.04647
LTR,18370,0.00000,0.00000
LTR,18385,0.35782,0.07886
LTR,1840,0.11557,0.14192
LTR,18400,0.16958,0.02083
LTR,18415,0.00000,0.00000
LTR,18430,0.23464,0.02083
LTR,18445,0.04869,0.01562
LTR,18460,0.04912,0.03125
LTR,18475,0.17279,0.24829
LTR,18490,0.08804,0.05078
LTR,18505,0.24091,0.11011
LTR,18520,0.09281,0.20972
LTR,18535,0.34631,0.23372
LTR,1855,0.41819,0.33217
LTR,18550,0.08338,0.07481
LTR,18565,0.18483,0.13151
LTR,18580,0.11103,0.08374
LTR,18595,0.02700,0.03125
LTR,18610,0.06907,0.04590
LTR,18625,0.60184,0.27399
LTR,18640,0.09845,0.17122
LTR,18655,0.00000,0.00000
LTR,18670,0.17178,0.15991
LTR,18685,0.33916,0.06250
LTR,1870,0.30090,0.29435
LTR,18700,0.42080,0.15195
LTR,18715,0.22854,0.05078
LTR,18730,0.28497,0.14966
LTR,18745,0.44639,0.16625
LTR,18760,0.01427,0.03125
LTR,18775,0.06667,0.13264
LTR,18790,0.20529,0.18774
LTR,18805,0.10248,0.15309
LTR,18820,0.13164,0.02734
LTR,18835,0.36397,0.14315
LTR,1885,0.05572,0.10645
LTR,18850,0.23976,0.24829
LTR,18865,0.48964,0.09198
LTR,18880,0.10313,0.13300
LTR,18895,0.34352,0.27192
LTR,18910,0.53291,0.24587
LTR,18925,0.31557,0.06451
LTR,18940,0.05319,0.02734
LTR,18955,0.40542,0.12041
LTR,18970,0.37604,0.23600
LTR,18985,0.14041,0.25554
LTR,190,0.42080,0.12852
LTR,1900,0.00000,0.00000
LTR,19000,0.47295,0.20972
LTR,19015,0.70210,0.29435
LTR,19030,0.31835,0.26367
LTR,19045,0.08046,0.11597
LTR,19060,0.64269,0.22701
LTR,19075,0.00000,0.00000
LTR,19090,0.50000,0.02083
LTR,19105,0.67135,0.35041
LTR,19120,0.00000,0.00000
LTR,19135,0.11617,0.10278
LTR,1915,0.93278,0.19766
LTR,19150,0.12678,0.21289
LTR,19165,0.09354,0.11597
LTR,19195,0.03060,0.03548
LTR,19210,0.15170,0.14673
LTR,19225,0.08050,0.11583
LTR,19240,0.00000,0.00000
LTR,19255,0.12714,0.24146
LTR,19270,0.09666,0.05703
LTR,19285,0.85734,0.30837
LTR,1930,0.47477,0.11067
LTR,19300,0.55315,0.26367
LTR,19330,0.06989,0.10376
LTR,19345,0.54515,0.21633
LTR,19360,0.20582,0.18746
LTR,19375,0.13414,0.10553
LTR,19390,0.36471,0.17548
LTR,19405,0.00000,0.00000
LTR,19420,0.13883,0.28172
LTR,19435,0.43934,0.45508
LTR,1945,0.22378,0.21395
LTR,19450,0.78601,0.10606
LTR,19465,0.02261,0.06250
LTR,19480,0.79196,0.28172
LTR,19495,0.03892,0.02083
LTR,19510,0.48347,0.29435
LTR,19525,0.38685,0.01250
LTR,19540,0.17357,0.10938
LTR,19555,0.04357,0.06478
LTR,19570,0.51571,0.23992
LTR,19585,0.00000,0.00000
LTR,1960,0.41618,0.03255
LTR,19600,0.22953,0.13264
LTR,19615,0.32082,0.24860
LTR,19630,0.04315,0.07422
LTR,19645,0.15079,0.10606
LTR,19660,0.28490,0.24829
LTR,19675,0.12283,0.15565
LTR,19690,0.14833,0.10391
LTR,19705,0.19467,0.22241
LTR,19735,0.09242,0.02734
LTR,1975,0.04869,0.01562
LTR,19750,0.15030,0.07520
LTR,19765,0.05336,0.01562
LTR,19780,0.35902,0.26823
LTR,19795,0.43270,0.47980
LTR,19810,0.38800,0.17805
LTR,19825,0.71937,0.58735
LTR,19840,0.11919,0.06177
LTR,19855,0.07358,0.05078
LTR,19870,0.39569,0.20443
LTR,19885,0.05784,0.07481
LTR,1990,0.65609,0.49586
LTR,19900,0.00000,0.00000
LTR,19915,0.06609,0.09375
LTR,19945,0.03554,0.04297
LTR,19960,0.10654,0.01250
LTR,19975,0.04374,0.01250
LTR,19990,0.15784,0.23349
LTR,20005,0.12562,0.09576
LTR,20035,0.01047,0.01562
LTR,2005,0.05075,0.09180
LTR,20050,0.86879,0.12298
LTR,20065,0.85734,0.30837
LTR,20080,0.24633,0.07430
LTR,20095,0.40028,0.24001
LTR,20110,0.42290,0.31473
LTR,20125,0.49358,0.14936
LTR,20140,0.65115,0.13643
LTR,20155,0.39478,0.24159
LTR,20170,0.01148,0.01250
LTR,20185,0.27051,0.11068
LTR,2020,0.02581,0.04590
LTR,20200,0.74699,0.39919
LTR,20215,0.27725,0.26502
LTR,20230,0.10058,0.04688
LTR,20245,0.36005,0.04590
LTR,20260,0.38357,0.05078
LTR,20275,0.06972,0.10376
LTR,20290,0.68860,0.34642
LTR,20305,0.56346,0.17805
LTR,20320,0.29659,0.13329
LTR,20335,0.26458,0.36731
LTR,2035,0.03582,0.04297
LTR,20350,0.30497,0.23906
LTR,20365,0.38671,0.16625
LTR,20380,0.11895,0.12020
LTR,20410,0.80907,0.36821
LTR,20425,0.03432,0.06177
LTR,20440,0.65082,0.07422
LTR,20455,0.00000,0.00000
LTR,20470,0.04990,0.06177
LTR,20485,0.08576,0.10645
LTR,205,0.18469,0.10286
LTR,2050,0.81752,0.38145
LTR,20500,0.44438,0.21633
LTR,20515,0.16037,0.14192
LTR,20530,0.05346,0.05688
LTR,20545,0.08265,0.04590
LTR,20575,0.09877,0.15195
LTR,20590,0.20151,0.14583
LTR,20605,0.38250,0.09375
LTR,20620,0.06829,0.05078
LTR,20635,0.55944,0.24829
LTR,2065,0.34995,0.22142
LTR,20650,0.81515,0.31960
LTR,20665,0.10215,0.23769
LTR,20680,0.02879,0.02083
LTR,20695,0.32999,0.20699
LTR,20710,0.59758,0.20767
LTR,20725,0.61315,0.06250
LTR,20740,0.42699,0.36523
LTR,20755,0.32130,0.52460
LTR,20770,0.34429,0.25554
LTR,20785,0.00000,0.00000
LTR,2080,0.08156,0.08472
LTR,20800,0.45422,0.22241
LTR,20830,0.09666,0.05703
LTR,20845,0.28490,0.24829
LTR,20860,0.13517,0.19304
LTR,20875,0.25170,0.30174
LTR,20890,0.29719,0.20972
LTR,20905,0.24219,0.15195
LTR,20920,0.47037,0.07422
LTR,20935,0.16280,0.06844
LTR,2095,0.20225,0.26050
LTR,20950,0.46253,0.15977
LTR,20965,0.40642,0.05703
LTR,21010,0.25079,0.35644
LTR,21025,0.07818,0.01250
LTR,21040,0.10132,0.06844
LTR,21055,0.03945,0.06451
LTR,21085,0.06622,0.04297
LTR,2110,0.12837,0.18750
LTR,21100,0.09520,0.08813
LTR,21115,0.07785,0.06250
LTR,21130,0.63124,0.20196
LTR,21145,0.44308,0.29579
LTR,21160,0.07133,0.03125
LTR,21175,0.06918,0.12109
LTR,21190,0.45651,0.14638
LTR,21205,0.08698,0.05599
LTR,21220,0.21511,0.18907
LTR,21235,0.50874,0.08203
LTR,2125,0.10557,0.16626
LTR,21250,0.03305,0.03125
LTR,21265,0.15102,0.01250
LTR,21280,0.26200,0.10606
LTR,21295,0.65456,0.42252
LTR,21310,0.19069,0.13300
LTR,21325,0.04912,0.03125
LTR,21340,0.00000,0.00000
LTR,21355,0.15342,0.24860
LTR,21370,0.24794,0.13184
LTR,21385,0.22075,0.14453
LTR,2140,0.28713,0.26689
LTR,21400,0.00000,0.00000
LTR,21415,0.54458,0.44220
LTR,21430,1.00000,0.34642
LTR,21445,0.36707,0.10391
LTR,21460,0.26168,0.24194
LTR,21475,0.55315,0.09180
LTR,21490,0.39108,0.33552
LTR,21505,0.63093,0.03125
LTR,21520,0.18584,0.08203
LTR,21535,0.43487,0.32505
LTR,2155,0.43495,0.30644
LTR,21550,0.15708,0.10278
LTR,21580,0.09565,0.11011
LTR,21595,0.00000,0.00000
LTR,21610,0.63093,0.09375
LTR,21625,0.60967,0.27743
LTR,21640,0.05653,0.02083
LTR,21655,0.18950,0.14101
LTR,21670,0.00000,0.00000
LTR,21685,0.04426,0.06250
LTR,2170,0.20372,0.14673
LTR,21700,0.42217,0.26223
LTR,21715,0.28497,0.14966
LTR,21730,0.03736,0.04590
LTR,21745,0.51252,0.28399
LTR,21760,0.37573,0.16229
LTR,21775,0.46833,0.10606
LTR,21790,0.80907,0.36821
LTR,21805,0.12701,0.13643
LTR,21820,0.03432,0.06177
LTR,21835,0.12851,0.18020
LTR,2185,0.09309,0.07715
LTR,21850,0.23770,0.12422
LTR,21865,0.34957,0.23329
LTR,21880,0.76940,0.29435
LTR,21895,0.35938,0.10884
LTR,21910,0.05770,0.03255
LTR,21925,0.00000,0.00000
LTR,21940,0.78547,0.21395
LTR,21955,0.11605,0.16229
LTR,21985,0.61735,0.28474
LTR,220,0.10026,0.03255
LTR,2200,0.20855,0.11597
LTR,22000,0.11410,0.12666
LTR,22015,0.00000,0.00000
LTR,22030,0.12750,0.03125
LTR,22045,0.22854,0.05078
LTR,22060,0.03012,0.01250
LTR,22075,0.20919,0.22526
LTR,22090,0.44546,0.26502
LTR,22105,0.08806,0.08813
LTR,22120,0.00000,0.00000
LTR,22135,0.02517,0.01250
LTR,2215,0.10104,0.02083
LTR,22150,0.09651,0.11583
LTR,22165,0.05693,0.12041
LTR,22180,0.27611,0.33588
LTR,22195,0.02557,0.05078
LTR,22210,1.00000,0.06250
LTR,22225,0.25245,0.21492
LTR,22240,0.07947,0.12337
LTR,22255,0.01278,0.01562
LTR,22270,0.31736,0.12298
LTR,22285,0.16102,0.06250
LTR,2230,0.03021,0.04297
LTR,22300,0.16283,0.16797
LTR,22315,0.04451,0.07715
LTR,22330,0.45041,0.14936
LTR,22345,0.51684,0.19383
LTR,22360,0.12512,0.07520
LTR,22375,0.28960,0.12298
LTR,22390,0.10159,0.03125
LTR,22405,0.02074,0.03125
LTR,22420,0.45442,0.30885
LTR,2245,0.00000,0.00000
LTR,22450,0.01874,0.01250
LTR,22465,0.10807,0.20573
LTR,22480,0.96394,0.20443
LTR,22495,0.03021,0.04297
LTR,22510,0.36955,0.50430
LTR,22525,0.04602,0.09375
LTR,22540,0.06720,0.07422
LTR,22555,0.01131,0.02083
LTR,22570,0.01674,0.03125
LTR,22585,0.00000,0.00000
LTR,2260,0.53173,0.07520
LTR,22600,0.05693,0.12041
LTR,22615,0.06260,0.04688
LTR,22630,0.06413,0.08472
LTR,22645,0.08928,0.16625
LTR,22660,0.03353,0.01562
LTR,22675,0.03097,0.03255
LTR,22690,0.09262,0.15710
LTR,22705,0.02400,0.04590
LTR,22720,0.04818,0.08984
LTR,22735,0.31790,0.15977
LTR,2275,0.17159,0.06177
LTR,22750,0.08265,0.04590
LTR,22765,0.16437,0.29850
LTR,22780,1.00000,0.18750
LTR,22795,0.15121,0.13062
LTR,22810,0.30771,0.12534
LTR,22825,0.17363,0.11876
LTR,22840,0.22053,0.18579
LTR,22855,0.64557,0.28172
LTR,22870,0.04105,0.03125
LTR,22885,0.24844,0.24787
LTR,2290,0.91253,0.33552
LTR,22900,0.28765,0.29193
LTR,22915,0.07259,0.13151
LTR,22930,0.35855,0.24587
LTR,22945,0.00000,0.00000
LTR,22960,0.27051,0.11068
LTR,22975,0.11952,0.14873
LTR,22990,0.51075,0.23769
LTR,23005,0.22812,0.10278
LTR,23020,0.18982,0.08374
LTR,23035,0.45506,0.22149
LTR,2305,0.15030,0.07520
LTR,23050,0.06149,0.10606
LTR,23065,0.62238,0.54752
LTR,23080,0.30478,0.09375
LTR,23095,0.31752,0.30063
LTR,23110,0.93294,0.53766
LTR,23125,0.14496,0.12041
LTR,23140,0.11826,0.08813
LTR,23155,0.62837,0.33552
LTR,23170,0.17848,0.20699
LTR,23185,0.47125,0.28843
LTR,2320,0.44438,0.21633
LTR,23200,0.25624,0.14101
LTR,23230,0.26407,0.01562
LTR,23245,0.01874,0.01250
LTR,23260,0.39033,0.13501
LTR,23275,0.35170,0.23769
LTR,23290,0.02256,0.01562
LTR,23305,0.10730,0.09541
LTR,23320,0.24091,0.08984
LTR,23335,0.25696,0.23706
LTR,2335,0.36428,0.13643
LTR,23350,0.38290,0.19766
LTR,23365,0.88695,0.32529
LTR,23380,0.12678,0.07481
LTR,23395,0.78957,0.30885
LTR,23410,0.23919,0.09576
LTR,23425,0.00000,0.00000
LTR,23440,0.36528,0.13264
LTR,23455,0.00000,0.00000
LTR,23470,0.28977,0.15195
LTR,23485,0.24861,0.26949
LTR,235,0.53815,0.34912
LTR,2350,0.38290,0.19766
LTR,23500,0.00875,0.01250
LTR,23515,0.00000,0.00000
LTR,23530,0.16975,0.13264
LTR,23545,0.31835,0.26367
LTR,23560,0.26907,0.22121
LTR,23575,0.19151,0.12534
LTR,23590,0.33333,0.13264
LTR,23605,0.63093,0.03125
LTR,23620,0.00000,0.00000
LTR,23635,0.02879,0.02083
LTR,2365,0.25912,0.10645
LTR,23650,0.52041,0.30644
LTR,23665,0.50685,0.70783
LTR,23680,0.38523,0.24829
LTR,23695,0.17967,0.20023
LTR,23710,0.15444,0.13264
LTR,23725,0.06581,0.04590
LTR,23740,0.05817,0.11068
LTR,23755,0.18436,0.29435
LTR,23770,0.09024,0.07422
LTR,23785,0.31416,0.29720
LTR,2380,0.47267,0.23329
LTR,23800,0.00000,0.00000
LTR,23815,0.38698,0.14873
LTR,23830,0.00000,0.00000
LTR,23845,0.06803,0.07481
LTR,23860,0.84537,0.24860
LTR,23875,0.22889,0.15565
LTR,23890,0.09424,0.05688
LTR,23905,0.27703,0.50403
LTR,23920,0.64557,0.28172
LTR,23935,0.21586,0.14192
LTR,2395,0.35447,0.16929
LTR,23950,0.03531,0.06451
LTR,23965,0.02979,0.04647
LTR,23980,0.06260,0.04688
LTR,23995,0.40947,0.45288
LTR,24010,0.22953,0.13264
LTR,24025,0.05757,0.06250
LTR,24040,0.12744,0.13501
LTR,24055,0.49651,0.45508
LTR,24070,0.28821,0.27742
LTR,24085,0.39033,0.13501
LTR,2410,0.44166,0.24923
LTR,24100,0.28322,0.22149
LTR,24115,0.57183,0.31473
LTR,24130,0.30483,0.28371
LTR,24145,0.57183,0.31473
LTR,24160,0.40489,0.30156
LTR,24175,0.47055,0.16626
LTR,24190,0.17948,0.19304
LTR,24205,0.36005,0.04590
LTR,24220,0.28977,0.12852
LTR,24235,0.21231,0.31331
LTR,2425,0.12750,0.03125
LTR,24250,0.35855,0.24587
LTR,24265,0.47671,0.36147
LTR,24280,0.01525,0.01250
LTR,24295,0.20043,0.32505
LTR,24310,0.19151,0.15001
LTR,24325,0.26440,0.27593
LTR,24340,0.04645,0.03255
LTR,24355,0.99247,0.28516
LTR,24370,0.30281,0.37010
LTR,24385,0.06353,0.10091
LTR,2440,0.20770,0.23349
LTR,24400,0.28464,0.09937
LTR,24415,0.43550,0.31348
LTR,24430,0.27589,0.17220
LTR,24445,0.08804,0.05078
LTR,24460,0.08210,0.21289
LTR,24475,0.00000,0.00000
LTR,24490,0.05567,0.03750
LTR,24505,0.03392,0.08203
LTR,24520,0.00000,0.00000
LTR,24535,0.14816,0.20196
LTR,2455,0.08794,0.04590
LTR,24550,0.17440,0.19661
LTR,24565,0.19728,0.15412
LTR,24580,0.44524,0.13151
LTR,24595,0.06720,0.07422
LTR,24610,0.07594,0.08472
LTR,24625,0.03235,0.07715
LTR,24640,0.59406,0.45508
LTR,24655,0.31108,0.29850
LTR,24670,0.27053,0.20196
LTR,24685,0.11639,0.07886
LTR,2470,0.56346,0.17805
LTR,24700,0.55010,0.09541
LTR,24715,0.23218,0.24013
LTR,24730,0.08389,0.17122
LTR,24745,0.13121,0.01250
LTR,24760,0.00000,0.00000
LTR,24775,1.00000,0.06250
LTR,24790,0.10522,0.03548
LTR,24805,0.07950,0.06177
LTR,24820,0.68608,0.56714
LTR,24835,0.87722,0.07715
LTR,2485,0.73375,0.21289
LTR,24850,0.22474,0.13062
LTR,24865,0.14910,0.08374
LTR,24880,0.22854,0.05078
LTR,24895,0.02517,0.01250
LTR,24910,0.12316,0.09375
LTR,24925,0.21416,0.14101
LTR,24940,0.15030,0.07520
LTR,24955,0.07264,0.07422
LTR,24970,0.63729,0.58113
LTR,24985,0.00000,0.00000
LTR,25,0.83042,0.11583
LTR,250,0.07358,0.05078
LTR,2500,0.59822,0.25554
LTR,25000,0.13869,0.06250
LTR,25015,0.59038,0.25157
LTR,25030,0.00000,0.00000
LTR,25045,0.31528,0.50269
LTR,25060,0.27482,0.14192
LTR,25075,0.32999,0.20699
LTR,25090,0.01278,0.01562
LTR,25105,0.13414,0.10553
LTR,25135,0.06312,0.12476
LTR,2515,0.26142,0.22241
LTR,25150,0.03911,0.04647
LTR,25165,0.14895,0.04647
LTR,25180,0.43738,0.29193
LTR,25195,0.40317,0.24787
LTR,25210,0.07274,0.04590
LTR,25225,0.31736,0.12298
LTR,25240,0.30312,0.08203
LTR,25255,0.05556,0.05078
LTR,25270,0.22953,0.13264
LTR,25285,0.09159,0.10645
LTR,2530,0.00000,0.00000
LTR,25300,0.00000,0.00000
LTR,25315,0.17311,0.11499
LTR,25330,0.30292,0.33007
LTR,25345,0.09165,0.12280
LTR,25360,0.64691,0.26502
LTR,25375,0.12967,0.20581
LTR,25390,0.08554,0.12666
LTR,25405,0.13121,0.03750
LTR,25420,0.16958,0.06250
LTR,25435,0.21827,0.09576
LTR,2545,0.16375,0.05688
LTR,25450,0.47244,0.16454
LTR,25465,0.10364,0.14876
LTR,25480,0.12750,0.03125
LTR,25495,0.01590,0.01562
LTR,25510,0.03843,0.05688
LTR,25525,0.63182,0.50195
LTR,25540,0.01856,0.01250
LTR,25555,0.22953,0.11067
LTR,25570,0.25122,0.07886
LTR,2560,0.00000,0.00000
LTR,25600,0.48697,0.21633
LTR,25615,0.12646,0.19766
LTR,25630,0.45229,0.26949
LTR,25645,0.07133,0.03125
LTR,25660,0.48811,0.22526
LTR,25675,0.04562,0.10278
LTR,25690,0.41595,0.30493
LTR,25705,0.07551,0.03750
LTR,25720,0.28912,0.07715
LTR,25735,0.27051,0.11068
LTR,2575,0.72273,0.96802
LTR,25750,0.52554,0.31660
LTR,25765,0.42080,0.15195
LTR,25780,0.00000,0.00000
LTR,25795,0.27485,0.14583
LTR,25810,0.64269,0.22701
LTR,25825,0.68860,0.34642
LTR,25840,0.11305,0.06250
LTR,25855,0.68349,0.12258
LTR,25870,0.17094,0.04590
LTR,2590,0.27051,0.11068
LTR,25900,0.34263,0.31272
LTR,25915,0.09309,0.07715
LTR,25930,0.75996,0.29193
LTR,25945,0.42080,0.15195
LTR,25960,0.31766,0.10091
LTR,25975,0.22953,0.11067
LTR,26005,0.32429,0.20252
LTR,26020,0.09441,0.07481
LTR,26035,0.07188,0.10884
LTR,2605,0.14761,0.23329
LTR,26050,0.28560,0.25034
LTR,26065,0.17712,0.09541
LTR,26080,0.00000,0.00000
LTR,26095,0.13129,0.10278
LTR,26110,0.08614,0.15710
LTR,26125,0.96246,0.96803
LTR,26140,0.04511,0.04688
LTR,26155,0.07413,0.11597
LTR,26185,0.77975,0.53766
LTR,2620,0.20868,0.14936
LTR,26200,0.39189,0.41179
LTR,26215,0.00000,0.00000
LTR,26230,0.06156,0.06451
LTR,26245,0.68860,0.34642
LTR,26260,0.14792,0.10376
LTR,26275,0.11710,0.24787
LTR,26290,0.11189,0.18239
LTR,26305,0.26157,0.25034
LTR,26320,0.07824,0.13264
LTR,26335,0.00000,0.00000
LTR,2635,0.31565,0.10059
LTR,26350,0.00000,0.00000
LTR,26365,0.09883,0.09302
LTR,26380,0.06016,0.11499
LTR,26410,0.53644,0.52419
LTR,26425,0.12283,0.15565
LTR,26440,0.11131,0.24860
LTR,26455,0.05787,0.06844
LTR,26470,0.19480,0.27119
LTR,26485,0.27386,0.15565
LTR,265,0.08950,0.09541
LTR,2650,0.09760,0.06250
LTR,26500,0.24426,0.09766
LTR,26515,0.03519,0.05078
LTR,26530,0.15079,0.08472
LTR,26560,0.06901,0.04647
LTR,26575,0.12185,0.10376
LTR,26590,0.70210,0.29435
LTR,26605,1.00000,0.34642
LTR,26620,0.12678,0.07481
LTR,26635,0.05792,0.12298
LTR,2665,0.47599,0.18579
LTR,26650,0.38357,0.05078
LTR,26665,0.21042,0.34124
LTR,26680,0.13525,0.12476
LTR,26695,0.62876,0.27017
LTR,26710,0.44994,0.21795
LTR,26725,0.01272,0.01250
LTR,26740,0.38325,0.24860
LTR,26755,0.27681,0.11583
LTR,26770,0.48799,0.38112
LTR,26785,0.31583,0.28399
LTR,2680,0.39038,0.06250
LTR,26800,0.45967,0.33217
LTR,26815,0.20253,0.06641
LTR,26830,0.19131,0.16625
LTR,26845,0.18525,0.17742
LTR,26860,0.00000,0.00000
LTR,26875,0.24141,0.17122
LTR,26920,0.29966,0.29462
LTR,26935,0.00000,0.00000
LTR,2695,0.91972,0.08203
LTR,26950,0.32999,0.18218
LTR,26965,0.47947,0.27126
LTR,26980,0.06588,0.09302
LTR,26995,0.45506,0.19559
LTR,27010,0.26367,0.38867
LTR,27025,0.06228,0.12298
LTR,27040,0.09365,0.01250
LTR,27055,0.43661,0.30837
LTR,27070,0.18302,0.13216
LTR,27085,0.39628,0.33205
LTR,2710,0.54370,0.23545
LTR,27115,0.07286,0.13643
LTR,27130,0.20673,0.10606
LTR,27145,0.49146,0.32505
LTR,27160,0.40379,0.14009
LTR,27175,0.19184,0.11067
LTR,27190,0.05181,0.11011
LTR,27205,0.00000,0.00000
LTR,27220,0.18042,0.10606
LTR,27235,0.31565,0.03548
LTR,2725,0.11189,0.24829
LTR,27250,0.63995,0.09302
LTR,27265,0.21215,0.14638
LTR,27280,0.11826,0.08813
LTR,27295,0.17240,0.11841
LTR,27310,0.52519,0.33552
LTR,27325,0.17159,0.06177
LTR,27340,0.68369,0.41266
LTR,27355,0.18459,0.15710
LTR,27385,0.14496,0.12041
LTR,2740,0.14018,0.18299
LTR,27400,0.13391,0.12476
LTR,27415,0.00000,0.00000
LTR,27430,0.03965,0.09180
LTR,27445,0.15958,0.07734
LTR,27460,0.15379,0.12996
LTR,27475,0.04661,0.10553
LTR,27490,0.92182,0.23992
LTR,27505,0.31752,0.30063
LTR,27520,0.32704,0.15039
LTR,27535,0.04406,0.07481
LTR,2755,0.27727,0.07734
LTR,27550,0.16389,0.04297
LTR,27565,0.56346,0.20252
LTR,27580,0.55253,0.45152
LTR,27595,0.23931,0.19017
LTR,27610,0.08920,0.06250
LTR,27625,0.17579,0.12422
LTR,27640,0.10184,0.20020
LTR,27655,0.21220,0.10175
LTR,27670,0.23289,0.32529
LTR,27685,0.15030,0.07520
LTR,2770,0.00000,0.00000
LTR,27715,0.31557,0.06451
LTR,27730,0.61346,0.15710
LTR,27745,0.40549,0.31680
LTR,27760,0.55851,0.07715
LTR,27775,0.20919,0.22526
LTR,27805,0.64691,0.26502
LTR,27820,0.09262,0.15710
LTR,27835,0.69328,0.20020
LTR,2785,0.47037,0.07422
LTR,27850,0.42857,0.34642
LTR,27865,0.00000,0.00000
LTR,27880,0.15402,0.13216
LTR,27895,0.42433,0.34642
LTR,27910,0.41982,0.27743
LTR,27925,0.29608,0.03125
LTR,27940,0.12289,0.12298
LTR,27955,0.29280,0.23828
LTR,27970,0.13417,0.12298
LTR,27985,0.18045,0.29435
LTR,280,0.65836,0.28710
LTR,2800,0.12927,0.05599
LTR,28000,0.58802,0.32505
LTR,28015,0.08573,0.04647
LTR,28030,0.57337,0.18218
LTR,28045,0.01843,0.01562
LTR,28060,0.20206,0.09180
LTR,28075,0.19103,0.46950
LTR,28090,0.20253,0.15565
LTR,28105,0.32883,0.08203
LTR,28120,0.25691,0.16625
LTR,28135,0.37473,0.31225
LTR,2815,0.13525,0.12476
LTR,28150,0.15207,0.09766
LTR,28165,0.14701,0.18579
LTR,28180,0.13121,0.01250
LTR,28195,0.78857,0.59611
LTR,28210,0.21399,0.03125
LTR,28225,0.74429,0.28399
LTR,28240,0.10026,0.03255
LTR,28255,0.00000,0.00000
LTR,28270,0.00000,0.00000
LTR,2830,0.00000,0.00000
LTR,28300,0.05770,0.03255
LTR,28315,0.32958,0.09180
LTR,28330,0.03983,0.03548
LTR,28360,0.32730,0.22701
LTR,28375,0.04754,0.06641
LTR,28390,0.09219,0.15680
LTR,28405,0.19078,0.37238
LTR,28420,0.03079,0.03750
LTR,28435,0.31065,0.37880
LTR,2845,0.46253,0.15977
LTR,28450,0.23720,0.01250
LTR,28465,0.48979,0.28371
LTR,28480,0.89896,0.23372
LTR,28495,0.09560,0.05599
LTR,28510,0.09424,0.05688
LTR,28525,0.30738,0.16625
LTR,28540,0.34878,0.18579
LTR,28555,0.02969,0.06250
LTR,28570,0.04374,0.01250
LTR,28585,0.12508,0.13300
LTR,2860,0.20563,0.14009
LTR,28600,0.25371,0.36731
LTR,28615,0.16958,0.06250
LTR,28630,0.57558,0.24311
LTR,28645,0.41049,0.21289
LTR,28660,0.13121,0.01250
LTR,28675,0.18614,0.18299
LTR,28690,0.00000,0.00000
LTR,28705,0.12750,0.03125
LTR,28720,0.03796,0.07715
LTR,28735,0.16958,0.06250
LTR,2875,0.25827,0.14192
LTR,28750,0.07923,0.04297
LTR,28765,0.35682,0.14876
LTR,28780,0.46580,0.15039
LTR,28795,0.03001,0.05078
LTR,28810,0.91972,0.08203
LTR,28825,0.31565,0.10059
LTR,28840,0.04105,0.03125
LTR,28855,0.00000,0.00000
LTR,28870,0.12285,0.16625
LTR,28885,0.42359,0.94325
LTR,2890,0.48523,0.22559
LTR,28900,0.37639,0.50768
LTR,28915,0.14790,0.27180
LTR,28930,0.31892,0.15708
LTR,28945,0.44685,0.04647
LTR,28960,0.29823,0.17384
LTR,28975,0.25019,0.28629
LTR,28990,0.09520,0.18579
LTR,29005,0.55085,0.42252
LTR,29020,0.02517,0.01250
LTR,29035,0.04110,0.08813
LTR,2905,0.43071,0.15710
LTR,29050,0.07286,0.13643
LTR,29065,0.26200,0.10606
LTR,29080,0.00000,0.00000
LTR,29095,0.05600,0.05078
LTR,29110,0.04818,0.11011
LTR,29125,0.10104,0.02083
LTR,29140,0.58549,0.24787
LTR,29155,0.29787,0.26502
LTR,29170,0.00000,0.00000
LTR,29185,0.33449,0.26949
LTR,2920,0.18042,0.10606
LTR,29200,0.10797,0.07422
LTR,29215,0.50926,0.34642
LTR,29230,0.10422,0.12258
LTR,29245,0.06112,0.04590
LTR,29275,0.42857,0.34642
LTR,29290,0.24091,0.11011
LTR,29305,0.05238,0.08203
LTR,29320,0.55315,0.09180
LTR,29335,0.33916,0.06250
LTR,2935,0.20224,0.22394
LTR,29350,0.29670,0.29462
LTR,29365,0.21100,0.11597
LTR,29380,0.22934,0.21006
LTR,29395,0.27667,0.28172
LTR,29410,0.27805,0.14009
LTR,29425,0.01760,0.02083
LTR,29440,0.11269,0.20252
LTR,29455,0.46068,0.10391
LTR,29470,0.13132,0.11597
LTR,29485,0.00000,0.00000
LTR,295,0.34790,0.09766
LTR,2950,0.17086,0.15789
LTR,29500,0.00875,0.01250
LTR,29515,0.30079,0.09297
LTR,29530,0.36282,0.23299
LTR,29545,0.06682,0.06451
LTR,29560,0.41221,0.32230
LTR,29575,1.00000,0.34642
LTR,29590,0.23852,0.24860
LTR,29605,0.29418,0.23329
LTR,29620,0.91253,0.33552
LTR,29635,0.42080,0.15195
LTR,2965,0.16174,0.07715
LTR,29650,0.52779,0.31164
LTR,29665,0.51949,0.33217
LTR,29680,0.16958,0.08203
LTR,29695,0.38684,0.33217
LTR,29710,0.32546,0.31288
LTR,29725,0.44256,0.22701
LTR,29755,0.49487,0.32497
LTR,29770,0.18584,0.06250
LTR,29785,0.13303,0.15710
LTR,2980,0.11276,0.05688
LTR,29800,0.76646,0.31164
LTR,29815,0.19962,0.23329
LTR,29830,0.42448,0.25034
LTR,29845,0.05170,0.07481
LTR,29860,0.65682,0.26949
LTR,29875,0.28847,0.06641
LTR,29890,0.06016,0.11499
LTR,29905,0.16280,0.06844
LTR,29920,0.13525,0.12476
LTR,29935,0.07585,0.04647
LTR,2995,0.51949,0.28323
LTR,29950,0.07834,0.09937
LTR,29965,0.49011,0.31189
LTR,29980,0.18042,0.10606
LTR,29995,0.07438,0.09302
LTR,3010,0.42836,0.28399
LTR,3025,0.24091,0.11011
LTR,3040,0.27051,0.11068
LTR,3055,0.18708,0.14009
LTR,3070,0.42759,0.30132
LTR,3085,0.04284,0.03750
LTR,310,0.43226,0.17742
LTR,3100,0.40044,0.94475
LTR,3115,0.20712,0.11499
LTR,3130,0.06429,0.09180
LTR,3145,0.14641,0.26823
LTR,3160,0.07666,0.06641
LTR,3175,0.48517,0.17351
LTR,3190,0.51684,0.19383
LTR,3205,0.48347,0.29435
LTR,3220,0.10104,0.02083
LTR,3235,0.20712,0.09297
LTR,325,0.54779,0.16959
LTR,3250,0.04012,0.04297
LTR,3265,1.00000,0.06250
LTR,3280,0.12498,0.18579
LTR,3295,0.35124,0.22874
LTR,3310,0.44870,0.26758
LTR,3325,0.24592,0.17519
LTR,3340,0.26878,0.13501
LTR,3355,0.18469,0.10286
LTR,3370,0.42836,0.28399
LTR,3385,0.24091,0.08984
LTR,340,0.68630,0.24829
LTR,3400,0.00000,0.00000
LTR,3415,0.15931,0.11583
LTR,3430,0.60625,0.18750
LTR,3445,0.13129,0.10278
LTR,3460,0.79948,0.31272
LTR,3475,0.10223,0.11011
LTR,3490,0.65682,0.26949
LTR,3505,0.86879,0.33007
LTR,3520,0.61308,0.26223
LTR,3535,0.55052,0.31272
LTR,3550,0.30079,0.19505
LTR,3565,0.10390,0.20443
LTR,3580,0.03490,0.04590
LTR,3595,0.45229,0.26949
LTR,3610,0.10104,0.02083
LTR,3625,0.42080,0.12852
LTR,3640,0.07785,0.06250
LTR,3655,0.17829,0.26223
LTR,3670,0.15169,0.07481
LTR,3685,0.08339,0.05688
LTR,370,0.28944,0.23372
LTR,3700,0.02066,0.01562
LTR,3715,0.53386,0.18299
LTR,3730,0.43164,0.13501
LTR,3745,0.15679,0.07422
LTR,3760,0.28263,0.12109
LTR,3775,0.27878,0.33217
LTR,3790,0.13350,0.17742
LTR,3805,0.13164,0.02734
LTR,3820,0.28639,0.17163
LTR,3835,0.09139,0.12020
LTR,385,0.15604,0.11597
LTR,3850,0.56411,0.19304
LTR,3865,0.22195,0.06641
LTR,3880,0.48517,0.17351
LTR,3895,0.22475,0.16786
LTR,3910,0.20260,0.06478
LTR,3925,0.00000,0.00000
LTR,3940,0.09441,0.01562
LTR,3955,0.09623,0.09180
LTR,3970,0.21553,0.23372
LTR,3985,0.03498,0.02734
LTR,40,0.81980,0.24311
LTR,400,0.28960,0.12298
LTR,4000,0.12098,0.08472
LTR,4015,0.18856,0.21633
LTR,4030,0.12300,0.03255
LTR,4045,0.46032,0.15412
LTR,4060,0.14280,0.03255
LTR,4075,0.11396,0.12769
LTR,4090,0.80635,0.40395
LTR,4105,0.03136,0.07422
LTR,4120,0.15948,0.14101
LTR,4135,0.19867,0.12422
LTR,415,0.10109,0.13329
LTR,4150,0.20224,0.22394
LTR,4165,0.41613,0.20930
LTR,4180,0.64161,0.24787
LTR,4195,0.09520,0.18579
LTR,4210,0.14177,0.07430
LTR,4225,0.15841,0.24311
LTR,4240,0.33916,0.06250
LTR,4255,0.39944,0.26050
LTR,4270,0.21843,0.16929
LTR,4285,0.22953,0.13264
LTR,430,0.37317,0.10606
LTR,4300,0.25097,0.24146
LTR,4315,0.22331,0.07422
LTR,4330,0.50874,0.23828
LTR,4345,0.24091,0.11011
LTR,4360,0.03012,0.01250
LTR,4375,0.04374,0.01250
LTR,4390,0.39952,0.41840
LTR,4405,0.33031,0.18922
LTR,4420,0.40038,0.13062
LTR,4435,0.33736,0.31460
LTR,445,0.51916,0.18793
LTR,4450,0.13603,0.13216
LTR,4465,0.90262,0.33217
LTR,4480,0.29765,0.17742
LTR,4495,0.08573,0.04647
LTR,4510,0.91045,0.93848
LTR,4525,0.03223,0.02734
LTR,4540,0.11218,0.07481
LTR,4555,0.25581,0.27192
LTR,4570,0.03723,0.03125
LTR,4585,0.00000,0.00000
LTR,460,0.00000,0.00000
LTR,4600,0.00000,0.00000
LTR,4615,0.21332,0.09302
LTR,4630,0.76940,0.29435
LTR,4645,0.04587,0.09302
LTR,4660,0.16518,0.24939
LTR,4675,0.08460,0.10645
LTR,4690,0.11049,0.15195
LTR,4705,0.09135,0.10606
LTR,4720,0.42080,0.15195
LTR,4735,0.33045,0.13300
LTR,475,0.33132,0.13300
LTR,4750,0.03680,0.07422
LTR,4780,0.29424,0.17519
LTR,4795,0.88695,0.32529
LTR,4810,0.25611,0.23372
LTR,4825,0.08159,0.13264
LTR,4840,0.78601,0.28934
LTR,4855,0.48964,0.09198
LTR,4870,0.28626,0.12298
LTR,4885,0.31045,0.21674
LTR,490,0.32999,0.18218
LTR,4900,0.05860,0.04297
LTR,4915,0.22937,0.14936
LTR,4930,0.08753,0.13264
LTR,4945,0.21215,0.04647
LTR,4960,0.04694,0.09576
LTR,4975,0.14913,0.10645
LTR,4990,0.00000,0.00000
LTR,5005,0.86879,0.33007
LTR,5020,0.13335,0.12020
LTR,5035,0.00000,0.00000
LTR,505,0.37573,0.16229
LTR,5050,1.00000,0.06250
LTR,5065,0.12678,0.07481
LTR,5080,0.06112,0.04590
LTR,5095,0.16003,0.12020
LTR,5110,0.04600,0.04647
LTR,5125,0.48799,0.38112
LTR,5140,0.09845,0.17122
LTR,5155,0.20548,0.08813
LTR,5170,0.36543,0.28629
LTR,5185,0.58549,0.24787
LTR,520,0.22378,0.21395
LTR,5200,0.45041,0.14936
LTR,5215,0.18086,0.12020
LTR,5230,0.89955,0.95723
LTR,5245,0.86879,0.12298
LTR,5260,0.12024,0.10091
LTR,5275,0.18683,0.33007
LTR,5290,0.24992,0.13151
LTR,5305,0.23642,0.06844
LTR,5320,0.12997,0.15195
LTR,5335,0.31555,0.17896
LTR,535,0.41101,0.27192
LTR,5350,0.41136,0.24078
LTR,5365,0.16958,0.02083
LTR,5380,0.61315,0.06250
LTR,5395,0.00000,0.00000
LTR,5410,0.36282,0.16693
LTR,5425,0.02400,0.04590
LTR,5440,0.20339,0.28516
LTR,5455,0.17336,0.14192
LTR,5470,0.34279,0.20443
LTR,5485,0.32999,0.18218
LTR,55,0.18067,0.14876
LTR,550,0.32704,0.15039
LTR,5500,0.15030,0.09576
LTR,5515,0.28042,0.31738
LTR,5530,0.38529,0.11068
LTR,5545,0.18980,0.05703
LTR,5560,0.23307,0.10553
LTR,5575,0.19434,0.17122
LTR,5590,0.05973,0.01562
LTR,5605,0.16667,0.12298
LTR,5620,0.19049,0.17742
LTR,5635,0.51262,0.23413
LTR,565,0.01070,0.01250
LTR,5650,0.79436,0.44394
LTR,5665,0.61115,0.49976
LTR,5680,0.47215,0.33623
LTR,5695,0.48307,0.18750
LTR,5710,0.12316,0.09375
LTR,5725,0.00000,0.00000
LTR,5740,0.39732,0.04297
LTR,5755,0.38250,0.09375
LTR,5770,0.38357,0.16626
LTR,5785,0.28944,0.23372
LTR,580,0.05844,0.05599
LTR,5800,0.28490,0.24829
LTR,5815,0.68435,0.10278
LTR,5830,0.18438,0.09180
LTR,5845,0.39912,0.57472
LTR,5860,0.73831,0.27399
LTR,5875,0.39467,0.32819
LTR,5890,0.33449,0.26949
LTR,5905,0.43661,0.30837
LTR,5920,0.69343,0.05078
LTR,5935,0.05491,0.06250
LTR,595,0.15369,0.17163
LTR,5950,0.00000,0.00000
LTR,5965,0.01674,0.03125
LTR,5980,0.02879,0.02083
LTR,5995,0.03691,0.06250
LTR,6010,0.38702,0.29193
LTR,6025,0.69921,0.29462
LTR,6040,0.39038,0.06250
LTR,6055,0.56545,0.05688
LTR,6070,0.02353,0.03255
LTR,6085,0.17797,0.10376
LTR,610,0.83042,0.31473
LTR,6100,0.65836,0.28710
LTR,6115,0.34197,0.19800
LTR,6130,0.83187,0.11011
LTR,6145,0.44685,0.15001
LTR,6160,0.52963,0.06451
LTR,6175,0.26200,0.08472
LTR,6190,0.07358,0.05078
LTR,6205,0.40072,0.28341
LTR,6220,0.21399,0.09375
LTR,625,0.26647,0.12555
LTR,6250,0.11413,0.07430
LTR,6265,0.29199,0.18218
LTR,6280,0.27681,0.11583
LTR,6295,0.10477,0.11583
LTR,6310,0.23158,0.28925
LTR,6325,0.00000,0.00000
LTR,6340,0.05649,0.10645
LTR,6355,0.43980,0.39082
LTR,6370,0.00000,0.00000
LTR,6385,0.21332,0.07266
LTR,640,0.24219,0.15195
LTR,6400,0.64557,0.28172
LTR,6415,0.16728,0.13501
LTR,6430,0.20453,0.20573
LTR,6445,0.04912,0.03125
LTR,6460,0.30079,0.11499
LTR,6475,0.43942,0.21395
LTR,6490,0.51571,0.23992
LTR,6505,0.29140,0.29579
LTR,6520,0.03568,0.01562
LTR,6535,0.16382,0.12041
LTR,655,0.24992,0.13151
LTR,6550,0.86879,0.33007
LTR,6565,0.09424,0.05688
LTR,6580,0.51075,0.23769
LTR,6595,0.12082,0.12258
LTR,6610,0.38935,0.41994
LTR,6625,0.11305,0.06250
LTR,6640,0.15679,0.07422
LTR,6655,0.03057,0.03125
LTR,6670,0.05653,0.02083
LTR,6685,0.46953,0.10645
LTR,670,0.26785,0.20196
LTR,6700,0.27954,0.22986
LTR,6715,0.06875,0.06844
LTR,6730,0.17279,0.24829
LTR,6745,0.13021,0.18610
LTR,6760,0.12891,0.09297
LTR,6775,0.10048,0.09541
LTR,6790,0.54776,0.18434
LTR,6805,0.05206,0.06250
LTR,6820,0.16958,0.02083
LTR,6835,0.14496,0.12041
LTR,685,0.46928,0.18750
LTR,6850,0.30324,0.23299
LTR,6865,0.00000,0.00000
LTR,6880,0.48523,0.22559
LTR,6895,0.30079,0.03255
LTR,6910,0.08265,0.04590
LTR,6925,0.20868,0.14936
LTR,6940,0.36428,0.13643
LTR,6955,0.17635,0.11597
LTR,6970,0.10058,0.04688
LTR,6985,0.07824,0.11067
LTR,70,0.06682,0.06451
LTR,700,0.35478,0.25034
LTR,7000,0.22069,0.05078
LTR,7015,0.18210,0.05078
LTR,7030,0.06783,0.18750
LTR,7045,0.20804,0.06250
LTR,7060,0.37419,0.14192
LTR,7075,0.55926,0.33800
LTR,7090,0.02353,0.03255
LTR,7105,0.54125,0.28934
LTR,7120,0.00000,0.00000
LTR,7135,0.04984,0.05703
LTR,715,0.62876,0.27017
LTR,7150,0.13825,0.21492
LTR,7165,0.17086,0.15789
LTR,7180,0.05093,0.04590
LTR,7210,0.04105,0.03125
LTR,7225,0.14116,0.04297
LTR,7240,0.62075,0.60498
LTR,7255,0.08262,0.09576
LTR,7270,0.28821,0.23349
LTR,7285,0.64691,0.26502
LTR,730,0.08636,0.06250
LTR,7300,0.13571,0.19383
LTR,7315,0.48542,0.20443
LTR,7330,0.39016,0.07520
LTR,7345,0.18086,0.12020
LTR,7360,0.00000,0.00000
LTR,7375,0.42730,0.17519
LTR,7390,0.01655,0.01250
LTR,7405,0.24065,0.12666
LTR,7420,0.65767,0.43492
LTR,7435,0.32570,0.29193
LTR,745,0.06419,0.08203
LTR,7450,0.08389,0.17122
LTR,7465,0.04931,0.04297
LTR,7480,0.02802,0.01562
LTR,7495,0.18357,0.20196
LTR,7510,0.28322,0.22149
LTR,7525,0.40966,0.36821
LTR,7540,0.00000,0.00000
LTR,7555,0.09680,0.10278
LTR,7570,0.06056,0.03548
LTR,7585,0.26200,0.10606
LTR,760,0.33283,0.22241
LTR,7600,0.03879,0.06250
LTR,7615,0.05358,0.03548
LTR,7630,0.43226,0.15485
LTR,7645,0.00000,0.00000
LTR,7660,0.27726,0.28516
LTR,7675,0.28695,0.20252
LTR,7690,0.29280,0.23828
LTR,7705,0.01428,0.01250
LTR,7720,0.23596,0.30837
LTR,7735,0.18980,0.05703
LTR,775,0.25122,0.07886
LTR,7750,0.15310,0.13300
LTR,7765,0.19069,0.13300
LTR,7780,0.21399,0.03125
LTR,7795,0.00000,0.00000
LTR,7810,0.09556,0.21633
LTR,7825,0.42803,0.94067
LTR,7840,0.43062,0.11011
LTR,7855,0.26106,0.17805
LTR,7870,0.38290,0.19766
LTR,7885,0.12808,0.09180
LTR,790,0.15708,0.10278
LTR,7900,0.52963,0.06451
LTR,7915,0.04279,0.06250
LTR,7930,0.07923,0.04297
LTR,7945,0.05365,0.01250
LTR,7960,0.91253,0.33552
LTR,7975,0.00000,0.00000
LTR,7990,0.15383,0.23384
LTR,8005,0.41946,0.17122
LTR,8020,0.00000,0.00000
LTR,8035,0.12277,0.09302
LTR,805,0.09989,0.10553
LTR,8050,0.10464,0.08813
LTR,8065,0.23778,0.18262
LTR,8080,0.16958,0.06250
LTR,8095,0.19332,0.23769
LTR,8110,0.03167,0.04297
LTR,8125,0.20548,0.08813
LTR,8140,0.19646,0.17805
LTR,8155,0.77142,0.31331
LTR,8170,1.00000,0.33552
LTR,8185,0.42841,0.09297
LTR,820,0.40408,0.29435
LTR,8200,0.08100,0.09375
LTR,8215,0.67651,0.22943
LTR,8230,0.10468,0.09766
LTR,8245,0.38685,0.03125
LTR,8260,0.67651,0.22943
LTR,8275,0.14913,0.10645
LTR,8290,0.03892,0.02083
LTR,8305,0.23890,0.24860
LTR,8320,0.47580,0.20020
LTR,8335,1.00000,0.34642
LTR,835,0.10798,0.10553
LTR,8350,0.24839,0.20972
LTR,8365,0.12555,0.11011
LTR,8380,0.22581,0.23299
LTR,8395,0.06681,0.09937
LTR,8410,0.21134,0.30022
LTR,8425,0.18459,0.15710
LTR,8440,0.18690,0.22701
LTR,8455,0.17044,0.15565
LTR,8470,0.41791,0.28951
LTR,8485,0.81713,0.96805
LTR,85,0.51509,0.37476
LTR,850,0.22289,0.31164
LTR,8500,0.09565,0.11011
LTR,8515,0.24219,0.15195
LTR,8530,0.07302,0.06844
LTR,8545,0.01204,0.01250
LTR,8560,0.08782,0.14192
LTR,8575,0.11161,0.08984
LTR,8590,0.02517,0.01250
LTR,8605,0.19454,0.30063
LTR,8620,0.33362,0.50980
LTR,8635,0.80148,0.43702
LTR,865,0.48148,0.29462
LTR,8650,0.02203,0.03125
LTR,8680,0.21536,0.14192
LTR,8695,0.20159,0.21797
LTR,8710,0.04818,0.08984
LTR,8725,0.81544,0.53791
LTR,8740,0.64425,0.35919
LTR,8755,0.20253,0.06641
LTR,8770,0.03012,0.01250
LTR,8785,0.16944,0.25859
LTR,880,1.00000,0.06250
LTR,8800,0.31619,0.22479
LTR,8815,0.54779,0.16959
LTR,8830,0.20529,0.22770
LTR,8845,0.21430,0.15195
LTR,8860,0.33380,0.09334
LTR,8875,0.26262,0.09180
LTR,8890,0.10835,0.17220
LTR,8905,0.19707,0.14873
LTR,8920,0.03353,0.01562
LTR,8935,0.88695,0.32529
LTR,895,0.10680,0.19800
LTR,8950,0.15423,0.11597
LTR,8965,0.12002,0.04590
LTR,8980,0.19992,0.20699
LTR,8995,0.32364,0.27593
LTR,9010,0.07133,0.03125
LTR,9025,0.03392,0.08203
LTR,9040,0.01746,0.02083
LTR,9055,0.05561,0.04590
LTR,9070,0.63617,0.53490
LTR,9085,0.21740,0.07520
LTR,910,0.00000,0.00000
LTR,9100,0.10175,0.23828
LTR,9115,0.15397,0.24817
LTR,9130,0.17287,0.28710
LTR,9145,0.04912,0.03125
LTR,9160,0.42080,0.15195
LTR,9175,0.16958,0.06250
LTR,9190,0.22272,0.14873
LTR,9205,0.07585,0.04647
LTR,9220,0.43240,0.29620
LTR,9235,0.09119,0.11011
LTR,925,0.60967,0.27743
LTR,9250,0.34752,0.49001
LTR,9280,0.12002,0.04590
LTR,9295,0.73452,0.23992
LTR,9310,0.03961,0.02734
LTR,9325,0.22812,0.10278
LTR,9340,0.13121,0.01250
LTR,9355,0.42080,0.12852
LTR,9370,0.30079,0.09297
LTR,9385,0.24091,0.11011
LTR,940,0.19074,0.18221
LTR,9400,0.55971,0.23769
LTR,9415,0.10897,0.09375
LTR,9430,0.12562,0.07520
LTR,9445,0.46166,0.15977
LTR,9460,0.18459,0.13329
LTR,9490,0.70566,0.38867
LTR,9505,0.42324,0.07520
LTR,9520,0.33368,0.31170
LTR,9535,0.11024,0.14936
LTR,955,0.41049,0.21289
LTR,9550,0.14895,0.04647
LTR,9565,0.90262,0.33217
LTR,9580,0.18082,0.27180
LTR,9595,0.11116,0.09576
LTR,9610,0.07676,0.15039
LTR,9625,0.04869,0.01562
LTR,9640,0.17654,0.06451
LTR,9655,0.12498,0.18579
LTR,9670,0.09580,0.09541
LTR,9685,0.52689,0.23299
LTR,970,0.88504,0.93750
LTR,9700,0.14680,0.20602
LTR,9715,0.35669,0.29579
LTR,9730,0.02301,0.04297
LTR,9745,0.64637,0.23299
LTR,9760,0.21029,0.16504
LTR,9775,0.07309,0.03548
LTR,9790,0.04869,0.01562
LTR,9805,0.04793,0.01250
LTR,9820,0.14523,0.24314
LTR,9835,0.04600,0.04647
LTR,985,0.03498,0.02734
LTR,9850,0.07853,0.06250
LTR,9865,0.30672,0.06177
LTR,9880,0.08928,0.16625
LTR,9895,0.38325,0.24860
LTR,9910,0.24861,0.26949
LTR,9925,0.00000,0.00000
LTR,9940,0.21332,0.09302
LTR,9955,0.58802,0.32505
LTR,9970,0.26707,0.20020
LTR,9985,0.58557,0.08203
