runid,topic,ndcg@5,err@5
LTR,1,0.44256,0.22701
LTR,10006,0.66475,0.23349
LTR,10021,0.24240,0.16258
LTR,10036,0.21332,0.07266
LTR,10051,0.06546,0.05599
LTR,1006,0.14735,0.09375
LTR,10066,0.03250,0.03548
LTR,10081,0.42730,0.17519
LTR,10096,0.77389,0.24587
LTR,10111,0.11172,0.18579
LTR,10126,0.34197,0.19800
LTR,10141,0.08416,0.15195
LTR,10171,0.13417,0.12298
LTR,10186,0.06667,0.11067
LTR,10201,0.14748,0.12298
LTR,1021,0.01416,0.01562
LTR,10216,0.00000,0.00000
LTR,10231,0.32429,0.20252
LTR,10246,0.34908,0.18907
LTR,10261,0.07834,0.12041
LTR,10276,0.32958,0.09180
LTR,10291,0.25345,0.18221
LTR,10306,0.10875,0.18746
LTR,10321,0.09441,0.07481
LTR,10336,0.00000,0.00000
LTR,1036,0.27681,0.11583
LTR,10366,0.14607,0.01562
LTR,10381,0.22812,0.10278
LTR,10396,0.33916,0.18750
LTR,10411,0.40408,0.29435
LTR,10426,0.00000,0.00000
LTR,10441,0.27662,0.13924
LTR,10456,0.17272,0.18750
LTR,10471,0.35839,0.15039
LTR,10486,0.17299,0.07886
LTR,10501,0.02921,0.04688
LTR,1051,0.40265,0.15789
LTR,10516,0.24692,0.31272
LTR,10531,0.06797,0.12298
LTR,10546,0.00000,0.00000
LTR,10561,0.24424,0.24311
LTR,10591,0.21934,0.15710
LTR,10606,0.00000,0.00000
LTR,10621,0.42080,0.15195
LTR,10636,0.26400,0.11011
LTR,10651,0.07866,0.09180
LTR,1066,0.41982,0.21224
LTR,10666,0.07286,0.13643
LTR,10681,0.48118,0.34740
LTR,10696,0.08243,0.06844
LTR,10711,0.00000,0.00000
LTR,10726,0.32635,0.23828
LTR,10741,0.32572,0.21118
LTR,10756,0.47477,0.13264
LTR,10786,0.19434,0.17122
LTR,10801,0.24153,0.06250
LTR,1081,0.00000,0.00000
LTR,10816,0.17147,0.25821
LTR,10831,0.71440,0.44271
LTR,10846,0.41384,0.14966
LTR,10861,0.06112,0.04590
LTR,10876,0.10805,0.05599
LTR,10891,0.56346,0.17805
LTR,10906,0.09680,0.10278
LTR,10921,0.06468,0.07430
LTR,10936,0.21399,0.09375
LTR,1096,0.06192,0.08984
LTR,10966,0.22208,0.17384
LTR,10981,0.05892,0.06478
LTR,10996,0.19131,0.16625
LTR,11011,0.42836,0.28399
LTR,11026,0.14149,0.08813
LTR,11041,0.06364,0.02734
LTR,11056,0.32082,0.24860
LTR,11071,0.43297,0.22770
LTR,11086,0.22053,0.18579
LTR,11101,0.37636,0.32529
LTR,1111,0.24592,0.17519
LTR,11116,0.09708,0.07481
LTR,11131,0.02301,0.02083
LTR,11146,0.20253,0.06641
LTR,11161,0.17094,0.04590
LTR,11176,0.22923,0.29435
LTR,11191,0.74295,0.30132
LTR,11206,0.18042,0.10606
LTR,11221,0.16958,0.02083
LTR,11236,0.00000,0.00000
LTR,11251,0.09142,0.09302
LTR,1126,0.07268,0.06250
LTR,11266,0.46770,0.24731
LTR,11281,0.33916,0.18750
LTR,11296,0.11049,0.15195
LTR,11311,0.73831,0.27399
LTR,11326,0.25912,0.10645
LTR,11341,0.32954,0.28371
LTR,11356,0.55978,0.53272
LTR,11371,0.85393,0.32505
LTR,11386,0.31375,0.07481
LTR,11401,0.57183,0.31473
LTR,1141,0.01867,0.02083
LTR,11416,0.13121,0.01250
LTR,11431,0.12388,0.05078
LTR,11446,0.02261,0.06250
LTR,11461,0.44685,0.12534
LTR,11476,0.11305,0.06250
LTR,11491,0.29608,0.03125
LTR,11506,0.57337,0.20699
LTR,11521,0.17709,0.20699
LTR,11536,0.00000,0.00000
LTR,11551,0.46928,0.06250
LTR,1156,0.14614,0.24860
LTR,11566,0.00000,0.00000
LTR,11581,0.20375,0.17122
LTR,11596,0.14286,0.13264
LTR,11611,0.08265,0.04590
LTR,11626,0.99162,0.93880
LTR,11641,0.54835,0.52818
LTR,11656,0.26106,0.20252
LTR,11671,0.07585,0.04647
LTR,11686,0.43661,0.09766
LTR,11701,0.20208,0.06250
LTR,1171,0.21808,0.20602
LTR,11716,0.18773,0.05599
LTR,11731,0.85734,0.30837
LTR,11746,0.15679,0.07422
LTR,11761,0.07133,0.03125
LTR,11776,0.38715,0.12476
LTR,11791,0.16958,0.02083
LTR,11806,0.18088,0.10645
LTR,11821,0.41396,0.25633
LTR,11836,0.40733,0.94434
LTR,11851,0.07950,0.06177
LTR,1186,0.08265,0.04590
LTR,11866,0.43367,0.31189
LTR,11881,0.05859,0.11011
LTR,11896,0.39569,0.20443
LTR,11911,0.46928,0.06250
LTR,11926,0.34637,0.27399
LTR,11941,0.06546,0.05599
LTR,11956,0.66084,0.22149
LTR,11971,0.63124,0.20196
LTR,11986,0.28977,0.15195
LTR,12001,0.76987,0.29579
LTR,1201,0.50002,0.33007
LTR,12016,0.36203,0.06641
LTR,12031,0.18551,0.13643
LTR,12046,0.53219,0.52151
LTR,12061,0.55723,0.22241
LTR,12076,0.00000,0.00000
LTR,12091,0.00000,0.00000
LTR,121,0.72273,0.30493
LTR,12106,0.43071,0.15710
LTR,12121,0.00000,0.00000
LTR,12136,0.13572,0.21395
LTR,12151,0.49134,0.57155
LTR,1216,0.30617,0.22149
LTR,12166,0.75436,0.19973
LTR,12181,0.48347,0.29435
LTR,12196,0.15079,0.10606
LTR,12211,0.00000,0.00000
LTR,12226,0.48347,0.29435
LTR,12241,0.11218,0.07481
LTR,12256,0.14462,0.27742
LTR,12271,0.71958,0.93750
LTR,12286,0.30465,0.25554
LTR,12301,0.09520,0.18579
LTR,1231,0.11979,0.20020
LTR,12316,0.10104,0.02083
LTR,12331,0.17712,0.09541
LTR,12346,0.43136,0.11597
LTR,12361,0.24091,0.11011
LTR,12376,0.00000,0.00000
LTR,12391,0.83042,0.11583
LTR,12406,0.02557,0.05078
LTR,12421,0.23041,0.22149
LTR,12436,0.28464,0.12041
LTR,12451,0.16958,0.02083
LTR,1246,0.32197,0.24829
LTR,12466,0.51046,0.32529
LTR,12481,0.02220,0.03125
LTR,12496,0.11218,0.07481
LTR,12511,0.11677,0.08203
LTR,12526,0.17482,0.25633
LTR,12541,0.39699,0.32720
LTR,12556,0.19955,0.15710
LTR,12571,0.37077,0.15991
LTR,12586,0.22028,0.07481
LTR,12601,0.07818,0.01250
LTR,1261,0.29292,0.24587
LTR,12616,0.35527,0.10175
LTR,12631,0.37851,0.34642
LTR,12646,0.10376,0.13264
LTR,12661,0.21654,0.45859
LTR,12676,0.39033,0.13501
LTR,12691,0.07281,0.07734
LTR,12706,0.02817,0.04590
LTR,12721,0.07188,0.13216
LTR,12736,0.17094,0.04590
LTR,12751,0.50737,0.31348
LTR,1276,0.05331,0.04297
LTR,12766,0.31015,0.14936
LTR,12781,0.19496,0.15195
LTR,12796,0.31939,0.18750
LTR,12826,0.05354,0.10278
LTR,12841,0.10104,0.02083
LTR,12856,0.40810,0.34406
LTR,12871,0.12002,0.04590
LTR,12886,0.39895,0.37773
LTR,12901,0.10612,0.09180
LTR,1291,0.07923,0.04297
LTR,12916,0.03521,0.05688
LTR,12931,0.31898,0.28399
LTR,12946,0.17839,0.08374
LTR,12961,0.07018,0.05688
LTR,12976,0.13434,0.20972
LTR,12991,0.17044,0.15565
LTR,13006,0.25115,0.33552
LTR,13021,0.36471,0.19973
LTR,13036,0.22358,0.23299
LTR,13051,0.23739,0.24829
LTR,1306,0.10104,0.02083
LTR,13066,0.27589,0.24013
LTR,13081,0.19184,0.11067
LTR,13096,0.55315,0.26367
LTR,13111,0.06667,0.13264
LTR,13126,0.55085,0.42252
LTR,13141,0.50127,0.02734
LTR,13156,0.62198,0.95805
LTR,13171,0.07491,0.06451
LTR,13186,0.24708,0.17351
LTR,13201,0.34935,0.31960
LTR,1321,0.83042,0.31473
LTR,13216,0.11623,0.09198
LTR,13231,0.38800,0.17805
LTR,13246,0.10557,0.07430
LTR,13261,0.10804,0.15412
LTR,13276,0.08928,0.16625
LTR,13291,0.08407,0.04688
LTR,13306,0.10700,0.14038
LTR,13321,0.20855,0.11597
LTR,13336,0.50874,0.23828
LTR,13351,0.02470,0.03548
LTR,1336,0.51961,0.50529
LTR,13366,0.23678,0.24653
LTR,13381,0.37211,0.14101
LTR,13396,0.33978,0.25157
LTR,13411,0.94767,0.94037
LTR,13426,0.20793,0.17351
LTR,13441,0.31898,0.28399
LTR,13456,0.13865,0.11011
LTR,13471,0.21399,0.03125
LTR,13486,0.38698,0.12555
LTR,13501,0.11584,0.14192
LTR,1351,0.00000,0.00000
LTR,13516,0.21399,0.03125
LTR,13531,0.25827,0.14192
LTR,13546,0.45442,0.30885
LTR,13561,0.46066,0.39651
LTR,13576,0.44865,0.16504
LTR,13591,0.09206,0.15412
LTR,136,0.28960,0.12298
LTR,13606,0.43068,0.01562
LTR,13621,0.04818,0.08984
LTR,13636,0.17408,0.16229
LTR,13651,0.58774,0.41121
LTR,1366,0.28263,0.12109
LTR,13666,0.27023,0.07481
LTR,13681,0.60184,0.27399
LTR,13696,0.13415,0.26823
LTR,13741,0.72273,0.11011
LTR,13756,0.23448,0.27742
LTR,13771,0.15721,0.18579
LTR,13786,0.20548,0.08813
LTR,13801,0.34197,0.19800
LTR,1381,0.00875,0.01250
LTR,13831,0.30502,0.28710
LTR,13846,0.08179,0.06451
LTR,13861,0.04142,0.02083
LTR,13876,0.52554,0.31660
LTR,13891,0.34519,0.12422
LTR,13906,0.16986,0.26502
LTR,13921,0.33916,0.06250
LTR,13936,0.08527,0.09198
LTR,13951,0.10522,0.03548
LTR,1396,0.77359,0.41225
LTR,13966,0.25919,0.24829
LTR,13981,0.43357,0.47958
LTR,13996,0.19323,0.29435
LTR,14011,0.30649,0.27399
LTR,14026,0.75395,0.37735
LTR,14041,0.33839,0.30885
LTR,14056,0.15899,0.19304
LTR,14071,0.07818,0.01250
LTR,14086,0.39569,0.20443
LTR,14101,0.10522,0.03548
LTR,1411,0.14016,0.15039
LTR,14116,0.74295,0.30132
LTR,14131,0.12513,0.11876
LTR,14146,0.22773,0.20443
LTR,14161,0.54377,0.18746
LTR,14176,0.25951,0.28399
LTR,14191,0.11971,0.18833
LTR,14206,0.20793,0.17351
LTR,14221,0.29659,0.13329
LTR,14236,0.16375,0.05688
LTR,14251,0.02879,0.02083
LTR,1426,0.48523,0.07715
LTR,14266,0.08753,0.13264
LTR,14281,0.22986,0.09334
LTR,14296,0.54370,0.30885
LTR,14311,0.09876,0.06177
LTR,14326,0.00000,0.00000
LTR,14341,0.58774,0.41121
LTR,14356,0.37891,0.28710
LTR,14371,0.47244,0.16454
LTR,14386,0.67844,0.54400
LTR,14401,0.13303,0.13329
LTR,1441,0.12554,0.13184
LTR,14416,0.24992,0.13151
LTR,14431,0.31861,0.14009
LTR,14446,0.50000,0.06250
LTR,14461,0.07484,0.14192
LTR,14476,0.46308,0.27742
LTR,14491,0.14168,0.19304
LTR,14506,0.00000,0.00000
LTR,14521,0.03669,0.03548
LTR,14551,0.02969,0.06250
LTR,1456,0.34792,0.23871
LTR,14566,0.17922,0.03255
LTR,14581,0.40864,0.34302
LTR,14596,0.27386,0.15565
LTR,14611,0.00000,0.00000
LTR,14626,0.12221,0.14583
LTR,14641,0.09048,0.11011
LTR,14656,0.44683,0.48186
LTR,14671,0.02087,0.01562
LTR,14686,0.04027,0.06177
LTR,14701,0.60625,0.18750
LTR,1471,0.00000,0.00000
LTR,14716,0.60116,0.25633
LTR,14731,0.60431,0.20930
LTR,14746,0.92712,0.30644
LTR,14761,0.24141,0.17122
LTR,14776,0.15207,0.09766
LTR,14791,0.02169,0.02734
LTR,14806,0.21399,0.09375
LTR,14821,0.38685,0.01250
LTR,14836,0.15310,0.13300
LTR,14851,0.00000,0.00000
LTR,1486,0.15569,0.11068
LTR,14866,0.27681,0.11583
LTR,14881,0.14116,0.04297
LTR,14911,0.31048,0.21224
LTR,14926,0.69521,0.51984
LTR,14941,0.17430,0.11597
LTR,14956,0.02087,0.01562
LTR,14971,0.18088,0.10645
LTR,14986,0.24747,0.13216
LTR,15001,0.30286,0.11597
LTR,1501,0.30079,0.11499
LTR,15031,0.04374,0.01250
LTR,15046,0.21575,0.27593
LTR,15061,0.42080,0.15195
LTR,15076,0.00000,0.00000
LTR,15091,0.00000,0.00000
LTR,151,0.19752,0.20020
LTR,15106,0.27681,0.11583
LTR,15121,0.27395,0.18579
LTR,15136,0.24065,0.12666
LTR,15151,0.10477,0.11583
LTR,1516,0.22812,0.10278
LTR,15166,0.03892,0.02083
LTR,15181,0.00000,0.00000
LTR,15196,0.28216,0.28710
LTR,15211,0.32920,0.22138
LTR,15226,0.33528,0.28710
LTR,15241,0.35170,0.23769
LTR,15256,0.29719,0.20972
LTR,15271,0.10755,0.21395
LTR,15286,0.16004,0.17384
LTR,15301,0.27023,0.07481
LTR,1531,0.26647,0.12555
LTR,15316,0.00000,0.00000
LTR,15331,0.47530,0.49426
LTR,15346,0.21639,0.12020
LTR,15361,0.00000,0.00000
LTR,15376,0.09334,0.15565
LTR,15391,0.02969,0.06250
LTR,15406,0.13228,0.12666
LTR,15421,0.54531,0.20767
LTR,15451,0.47055,0.14453
LTR,1546,0.00000,0.00000
LTR,15466,0.14011,0.05078
LTR,15481,0.23818,0.14966
LTR,15496,0.19303,0.14936
LTR,15511,0.60116,0.25633
LTR,15526,0.31973,0.22121
LTR,15541,0.11198,0.18001
LTR,15556,0.00000,0.00000
LTR,15571,0.23037,0.07715
LTR,15586,0.85734,0.30837
LTR,15601,0.23976,0.24829
LTR,1561,0.09819,0.21395
LTR,15616,0.45824,0.17896
LTR,15631,0.04600,0.04647
LTR,15646,0.15079,0.10606
LTR,15661,0.33167,0.24587
LTR,15676,0.04218,0.01562
LTR,15691,0.21685,0.29435
LTR,15706,0.14280,0.03255
LTR,15721,0.00000,0.00000
LTR,15736,0.55517,0.33254
LTR,15751,0.20712,0.09297
LTR,1576,0.19499,0.19766
LTR,15766,0.61643,0.25034
LTR,15781,0.37040,0.31272
LTR,15796,0.18459,0.15710
LTR,15811,0.14607,0.01562
LTR,15826,0.11816,0.06177
LTR,15841,0.14621,0.12476
LTR,15856,0.22615,0.22526
LTR,15871,0.18459,0.13329
LTR,15886,0.24141,0.17122
LTR,15901,0.21731,0.12476
LTR,1591,0.16621,0.13062
LTR,15916,0.17675,0.18907
LTR,15931,0.00000,0.00000
LTR,15946,0.21980,0.12258
LTR,15961,0.00000,0.00000
LTR,15976,0.18168,0.23516
LTR,15991,0.07133,0.03125
LTR,16,0.79948,0.31272
LTR,16006,0.14222,0.16229
LTR,16021,0.03796,0.07715
LTR,16036,0.18950,0.14101
LTR,16051,0.14829,0.12666
LTR,1606,0.69328,0.20020
LTR,16066,0.04374,0.01250
LTR,16081,0.04841,0.09180
LTR,16096,0.13121,0.08750
LTR,16111,0.48523,0.22559
LTR,16126,0.02517,0.01250
LTR,16141,0.40173,0.34004
LTR,16156,0.78601,0.28934
LTR,16171,0.38130,0.09302
LTR,16186,0.03357,0.05078
LTR,16201,0.02517,0.01250
LTR,1621,0.24747,0.13216
LTR,16216,0.41512,0.31960
LTR,16231,0.05693,0.12041
LTR,16261,0.30738,0.16625
LTR,16276,0.51766,0.12298
LTR,16291,0.16975,0.13264
LTR,16306,0.05892,0.06478
LTR,16321,0.16303,0.31960
LTR,16336,0.68642,0.23329
LTR,16351,0.06618,0.09541
LTR,1636,0.28556,0.26334
LTR,16366,0.15199,0.29193
LTR,16381,0.17736,0.14966
LTR,16396,0.12411,0.12298
LTR,16411,0.00000,0.00000
LTR,16426,0.67139,0.07715
LTR,16441,0.20260,0.06478
LTR,16471,0.09390,0.09180
LTR,16486,0.32429,0.17805
LTR,16501,0.12678,0.07481
LTR,1651,0.21740,0.07520
LTR,16516,0.05628,0.03125
LTR,16531,0.31984,0.56443
LTR,16546,0.04869,0.01562
LTR,16561,0.00000,0.00000
LTR,16576,0.10782,0.15991
LTR,16591,0.40379,0.14009
LTR,166,0.11878,0.20972
LTR,16606,0.67621,0.31202
LTR,16621,0.05193,0.04647
LTR,16636,0.20027,0.15485
LTR,16651,0.22069,0.05078
LTR,1666,0.11093,0.11011
LTR,16666,0.78601,0.10606
LTR,16681,0.20868,0.26003
LTR,16696,0.05770,0.03255
LTR,16711,0.14970,0.07520
LTR,16726,0.42217,0.26223
LTR,16741,0.44685,0.12534
LTR,16756,0.00000,0.00000
LTR,16771,0.13414,0.10553
LTR,16801,0.11493,0.14101
LTR,1681,0.34947,0.12666
LTR,16816,0.18438,0.09180
LTR,16831,0.31565,0.10059
LTR,16846,0.47037,0.07422
LTR,16861,0.03869,0.05078
LTR,16876,0.07448,0.10278
LTR,16891,0.00000,0.00000
LTR,16906,0.10295,0.13264
LTR,16921,0.15948,0.14101
LTR,16951,0.24995,0.21492
LTR,1696,0.01278,0.01562
LTR,16966,0.14424,0.16797
LTR,16981,0.53386,0.18299
LTR,16996,0.00000,0.00000
LTR,17011,0.19496,0.15195
LTR,17026,0.00000,0.00000
LTR,17041,0.09142,0.07266
LTR,17056,0.00000,0.00000
LTR,17071,0.17658,0.23349
LTR,17086,0.76987,0.29579
LTR,17101,0.72623,0.18750
LTR,1711,0.17172,0.06250
LTR,17116,0.03598,0.05078
LTR,17131,0.03223,0.02734
LTR,17146,0.08302,0.03548
LTR,17161,0.02653,0.06250
LTR,17176,0.22331,0.07422
LTR,17191,0.12555,0.11011
LTR,17206,0.81833,0.57241
LTR,17221,0.29395,0.23769
LTR,17236,0.19942,0.12298
LTR,17251,0.23355,0.18750
LTR,1726,0.38702,0.29193
LTR,17266,0.00000,0.00000
LTR,17281,0.31920,0.12258
LTR,17296,0.54631,0.14453
LTR,17311,0.57217,0.13924
LTR,17326,0.05319,0.02734
LTR,17341,0.27725,0.26502
LTR,17356,0.15708,0.10278
LTR,17371,0.11952,0.12555
LTR,17386,0.00000,0.00000
LTR,17401,0.14286,0.13264
LTR,1741,0.10822,0.13379
LTR,17416,0.13121,0.01250
LTR,17431,0.08302,0.03548
LTR,17446,0.29659,0.15710
LTR,17461,0.34631,0.23372
LTR,17476,0.16589,0.11011
LTR,17491,0.32159,0.22876
LTR,17506,0.09052,0.09302
LTR,17521,0.02979,0.04647
LTR,17536,0.27541,0.06250
LTR,17551,0.04769,0.04688
LTR,1756,0.11988,0.13264
LTR,17566,0.04562,0.10278
LTR,17581,0.44308,0.24817
LTR,17596,0.22812,0.10278
LTR,17611,0.21827,0.09576
LTR,17626,0.00000,0.00000
LTR,17641,0.24153,0.08203
LTR,17656,0.26262,0.09180
LTR,17671,0.35938,0.13216
LTR,17686,0.03496,0.04647
LTR,17701,0.10612,0.09180
LTR,1771,0.20253,0.06641
LTR,17716,0.03922,0.02734
LTR,17731,0.24795,0.12020
LTR,17746,0.02104,0.03548
LTR,17761,0.12024,0.10091
LTR,17776,0.00000,0.00000
LTR,17791,0.28263,0.12109
LTR,17806,0.54536,0.19766
LTR,17821,0.64269,0.22701
LTR,17836,0.10159,0.03125
LTR,17851,0.37891,0.28710
LTR,1786,0.09196,0.16229
LTR,17866,0.29659,0.15710
LTR,17881,0.11826,0.19766
LTR,17896,0.33916,0.06250
LTR,17911,0.20391,0.28156
LTR,17926,0.05520,0.05703
LTR,17941,0.24747,0.10884
LTR,17956,0.27392,0.09198
LTR,17971,0.39374,0.29124
LTR,17986,0.16510,0.27017
LTR,18001,0.00000,0.00000
LTR,1801,0.14690,0.13264
LTR,18016,0.64240,0.13216
LTR,18031,0.16174,0.07715
LTR,18046,0.12617,0.13264
LTR,18061,0.14689,0.07266
LTR,18076,0.41992,0.45613
LTR,18091,0.08594,0.06641
LTR,181,0.04511,0.04688
LTR,18106,0.03691,0.06250
LTR,18121,0.16439,0.16626
LTR,18136,0.14977,0.12666
LTR,18151,0.23909,0.20252
LTR,1816,0.11727,0.20767
LTR,18166,0.47360,0.27180
LTR,18181,0.13298,0.08472
LTR,18196,0.76028,0.53621
LTR,18211,0.10026,0.03255
LTR,18226,0.14607,0.01562
LTR,18241,0.21889,0.23769
LTR,18256,0.09706,0.12020
LTR,18271,0.68903,0.27017
LTR,18286,0.07018,0.05688
LTR,18301,0.61643,0.25034
LTR,1831,0.13679,0.21797
LTR,18316,0.19520,0.23992
LTR,18331,0.09242,0.02734
LTR,18346,0.52519,0.28591
LTR,18361,0.00000,0.00000
LTR,18376,0.17418,0.21289
LTR,18391,0.12531,0.10884
LTR,18421,0.28464,0.12041
LTR,18436,0.22474,0.13062
LTR,18451,0.00000,0.00000
LTR,1846,0.27883,0.49976
LTR,18466,0.35938,0.13216
LTR,18481,0.18364,0.17351
LTR,18496,0.35682,0.17384
LTR,18511,0.00000,0.00000
LTR,18526,0.36743,0.30837
LTR,18541,0.48523,0.22559
LTR,18556,0.00000,0.00000
LTR,18571,0.10325,0.11011
LTR,18586,0.26200,0.10606
LTR,18601,0.13121,0.01250
LTR,1861,0.34919,0.12041
LTR,18616,0.86879,0.33007
LTR,18631,0.14816,0.18579
LTR,18646,0.00000,0.00000
LTR,18661,0.22474,0.13062
LTR,18676,0.10464,0.08813
LTR,18691,0.00000,0.00000
LTR,18706,0.48697,0.21633
LTR,18721,0.03001,0.05078
LTR,18736,0.70210,0.29435
LTR,18751,0.29910,0.28172
LTR,1876,0.33385,0.26050
LTR,18766,0.29554,0.11011
LTR,18781,0.09119,0.11011
LTR,18796,0.03353,0.01562
LTR,18811,0.00000,0.00000
LTR,18826,0.20919,0.22526
LTR,18841,0.34584,0.12476
LTR,18856,0.19601,0.09937
LTR,18871,0.00000,0.00000
LTR,18886,0.06676,0.09334
LTR,18901,0.09317,0.07520
LTR,1891,0.25597,0.24653
LTR,18916,0.03250,0.03548
LTR,18931,0.26373,0.17896
LTR,18946,0.06156,0.06451
LTR,18961,0.22619,0.09180
LTR,18976,0.30052,0.23600
LTR,18991,0.64691,0.26502
LTR,19006,0.13121,0.03750
LTR,19021,0.06741,0.09576
LTR,19036,0.00000,0.00000
LTR,19051,0.20538,0.21492
LTR,1906,0.15764,0.29720
LTR,19066,0.22953,0.13264
LTR,19081,0.00000,0.00000
LTR,19096,0.38357,0.05078
LTR,19111,0.12611,0.11876
LTR,19126,0.74429,0.28399
LTR,19141,0.11525,0.04688
LTR,19156,0.24059,0.16454
LTR,19171,0.31559,0.12476
LTR,19186,0.00000,0.00000
LTR,19201,0.03151,0.04590
LTR,1921,0.29608,0.03125
LTR,19216,0.39780,0.34307
LTR,19231,0.46253,0.15977
LTR,19246,0.17535,0.23372
LTR,19261,0.17929,0.12555
LTR,19276,0.22619,0.09180
LTR,19291,0.09174,0.13264
LTR,19306,0.09049,0.12852
LTR,19336,0.06041,0.03750
LTR,19351,0.28464,0.12041
LTR,1936,0.20587,0.17351
LTR,19366,0.04694,0.09576
LTR,19381,0.02156,0.03255
LTR,19396,0.11218,0.07481
LTR,19411,0.05536,0.11583
LTR,19426,0.43724,0.18434
LTR,19441,0.18034,0.12852
LTR,19456,0.07456,0.10091
LTR,19471,0.68642,0.23329
LTR,19486,0.11413,0.07430
LTR,19501,0.16782,0.15356
LTR,1951,0.19234,0.07422
LTR,19516,0.06112,0.04590
LTR,19531,0.30738,0.16625
LTR,19546,0.11413,0.07430
LTR,19561,0.26400,0.11011
LTR,19591,0.11506,0.04297
LTR,196,0.37077,0.15991
LTR,19606,0.13335,0.12020
LTR,19621,0.33275,0.21795
LTR,19636,0.45422,0.22241
LTR,19651,0.14689,0.09302
LTR,1966,0.42648,0.26569
LTR,19666,1.00000,0.06250
LTR,19681,0.17159,0.06177
LTR,19696,0.10026,0.03255
LTR,19726,0.15423,0.11597
LTR,19741,0.13182,0.05078
LTR,19756,0.18980,0.05703
LTR,19771,0.53953,0.46387
LTR,19786,0.30090,0.22474
LTR,19801,0.28960,0.12298
LTR,1981,0.00000,0.00000
LTR,19816,0.59224,0.13300
LTR,19831,0.60431,0.20930
LTR,19846,0.01143,0.01562
LTR,19861,0.12997,0.15195
LTR,19876,0.72767,0.39960
LTR,19891,0.11229,0.10606
LTR,19906,0.00000,0.00000
LTR,19921,0.21220,0.12298
LTR,19936,0.04869,0.01562
LTR,19951,0.16958,0.02083
LTR,1996,0.00000,0.00000
LTR,19966,0.00000,0.00000
LTR,19981,0.22028,0.07481
LTR,19996,0.21702,0.20699
LTR,20011,0.11276,0.05688
LTR,20041,0.65341,0.28516
LTR,20056,0.03021,0.04297
LTR,20071,0.03598,0.05078
LTR,20086,0.31841,0.30132
LTR,20101,0.23289,0.32529
LTR,2011,0.37537,0.15894
LTR,20116,0.50002,0.33007
LTR,20131,0.24878,0.17742
LTR,20146,0.02653,0.06250
LTR,20161,0.00000,0.00000
LTR,20176,0.57337,0.20699
LTR,20191,0.11305,0.06250
LTR,20206,0.06794,0.09576
LTR,20221,0.25013,0.22149
LTR,20236,0.00000,0.00000
LTR,20251,0.06622,0.04297
LTR,2026,0.60861,0.17519
LTR,20266,0.51252,0.28399
LTR,20281,0.08614,0.13329
LTR,20311,1.00000,0.06250
LTR,20326,0.17989,0.05078
LTR,20341,0.06507,0.06250
LTR,20356,0.39388,0.13501
LTR,20371,0.33385,0.26050
LTR,20386,0.37139,0.25859
LTR,20401,0.00000,0.00000
LTR,2041,0.28884,0.17122
LTR,20431,0.33916,0.18750
LTR,20446,0.90262,0.33217
LTR,20461,0.32958,0.09180
LTR,20491,0.21339,0.15991
LTR,20506,0.26400,0.11011
LTR,20521,0.03353,0.01562
LTR,20551,0.70620,0.35865
LTR,2056,0.53014,0.29579
LTR,20566,0.68384,0.24860
LTR,20581,0.05693,0.12041
LTR,20596,0.27034,0.05703
LTR,20611,0.09281,0.20972
LTR,20626,0.16410,0.19766
LTR,20641,0.06038,0.06250
LTR,20656,0.36282,0.16693
LTR,20671,0.04282,0.02734
LTR,20686,0.00000,0.00000
LTR,20701,0.09262,0.09576
LTR,2071,0.26200,0.10606
LTR,20716,0.00000,0.00000
LTR,20731,0.19018,0.21289
LTR,20746,0.07286,0.13643
LTR,20761,0.51204,0.37491
LTR,20776,0.00000,0.00000
LTR,20791,0.23120,0.13924
LTR,20806,0.25509,0.25633
LTR,20821,0.60967,0.27743
LTR,20836,0.07484,0.14192
LTR,20851,0.11071,0.07520
LTR,2086,0.06880,0.10606
LTR,20866,0.00000,0.00000
LTR,20881,0.15801,0.28172
LTR,20896,0.00000,0.00000
LTR,20911,0.10677,0.18299
LTR,20926,0.31736,0.12298
LTR,20956,0.00000,0.00000
LTR,20971,0.00000,0.00000
LTR,20986,0.07235,0.04647
LTR,21001,0.16102,0.06250
LTR,2101,0.48641,0.46950
LTR,21016,0.54761,0.16625
LTR,21031,0.02979,0.04647
LTR,21046,0.15679,0.07422
LTR,21061,0.65341,0.28516
LTR,21076,0.88695,0.32529
LTR,21091,0.23708,0.24314
LTR,211,0.07274,0.04590
LTR,21106,0.10048,0.09541
LTR,21121,0.00000,0.00000
LTR,21136,0.07566,0.06451
LTR,21151,0.72614,0.28951
LTR,2116,0.00000,0.00000
LTR,21166,0.30079,0.03255
LTR,21181,0.00000,0.00000
LTR,21196,0.34980,0.12258
LTR,21211,0.38704,0.27742
LTR,21226,0.34947,0.10376
LTR,21241,0.21875,0.17816
LTR,21256,0.00000,0.00000
LTR,21271,0.17044,0.15565
LTR,21286,0.03097,0.03255
LTR,21301,0.00000,0.00000
LTR,2131,0.26400,0.11011
LTR,21316,0.26200,0.10606
LTR,21331,0.20805,0.04688
LTR,21346,0.00977,0.01250
LTR,21361,0.10026,0.03255
LTR,21376,0.07133,0.03125
LTR,21391,0.11863,0.11583
LTR,21406,0.18773,0.05599
LTR,21421,0.11826,0.08813
LTR,21436,0.00000,0.00000
LTR,21451,0.49535,0.51189
LTR,2146,0.06364,0.02734
LTR,21466,0.14977,0.12666
LTR,21496,0.02932,0.03750
LTR,21511,0.07046,0.10278
LTR,21526,0.10257,0.04647
LTR,21541,0.26707,0.20020
LTR,21556,0.11305,0.06250
LTR,21571,0.12269,0.11011
LTR,21586,0.64695,0.22241
LTR,21601,0.34197,0.19800
LTR,2161,0.60967,0.27743
LTR,21616,0.88849,0.26823
LTR,21631,0.01361,0.01250
LTR,21646,0.51905,0.22876
LTR,21661,0.05770,0.03255
LTR,21676,0.11076,0.05078
LTR,21706,0.35682,0.17384
LTR,21721,0.18980,0.05703
LTR,21736,0.59224,0.13300
LTR,21751,0.33385,0.21997
LTR,2176,0.52838,0.15710
LTR,21766,0.12411,0.12298
LTR,21781,0.09520,0.18579
LTR,21796,0.00000,0.00000
LTR,21811,0.00000,0.00000
LTR,21826,0.08719,0.08813
LTR,21841,0.12750,0.03125
LTR,21856,0.04839,0.05078
LTR,21871,0.05924,0.05078
LTR,21886,0.19797,0.17519
LTR,21901,0.00000,0.00000
LTR,2191,0.06156,0.06451
LTR,21916,0.05757,0.06250
LTR,21931,0.63124,0.20196
LTR,21946,0.52519,0.33552
LTR,21961,0.22028,0.07481
LTR,21976,0.00000,0.00000
LTR,21991,0.78770,0.10278
LTR,22006,0.63093,0.03125
LTR,22021,0.03647,0.08203
LTR,22036,0.21215,0.14638
LTR,22051,0.24794,0.13184
LTR,2206,0.07785,0.06250
LTR,22066,0.90559,0.22876
LTR,22081,0.32995,0.29579
LTR,22096,0.32999,0.18218
LTR,22111,0.07954,0.15565
LTR,22126,0.10443,0.13062
LTR,22141,0.38357,0.14453
LTR,22156,0.15056,0.08813
LTR,22171,0.10104,0.02083
LTR,22186,0.54631,0.16626
LTR,22201,0.33901,0.21492
LTR,2221,0.49928,0.40894
LTR,22216,0.05654,0.08984
LTR,22231,0.05536,0.11583
LTR,22246,0.19867,0.12422
LTR,22261,0.35447,0.19304
LTR,22276,0.12316,0.09375
LTR,22291,0.19467,0.22241
LTR,22306,0.21678,0.39380
LTR,22321,0.91253,0.33552
LTR,22336,0.55315,0.09180
LTR,22351,0.53515,0.16229
LTR,2236,0.00000,0.00000
LTR,22366,0.09001,0.15039
LTR,22381,0.00000,0.00000
LTR,22396,0.04996,0.07715
LTR,22411,0.00000,0.00000
LTR,22456,0.10956,0.16959
LTR,22471,0.10097,0.12298
LTR,22486,0.24141,0.17122
LTR,22501,0.06667,0.13264
LTR,2251,0.04142,0.02083
LTR,22516,0.16031,0.22876
LTR,22546,0.09866,0.16229
LTR,22576,0.08554,0.12666
LTR,226,0.31555,0.17896
LTR,22606,0.00974,0.01562
LTR,22621,0.03357,0.05078
LTR,22636,0.14063,0.15710
LTR,22651,0.03235,0.07715
LTR,2266,0.23510,0.15977
LTR,22666,0.08338,0.07481
LTR,22681,0.16055,0.25215
LTR,22696,0.02400,0.04590
LTR,22711,0.36330,0.20196
LTR,22726,0.37891,0.28710
LTR,22741,0.00875,0.01250
LTR,22756,0.06667,0.13264
LTR,22771,0.07259,0.13151
LTR,22786,0.04355,0.06641
LTR,22801,0.69921,0.10553
LTR,22816,0.66232,0.32230
LTR,22831,0.30886,0.29461
LTR,22846,0.29295,0.11011
LTR,22861,0.10257,0.04647
LTR,22876,0.63093,0.03125
LTR,22891,0.50693,0.18907
LTR,22906,0.08546,0.15278
LTR,22921,0.10206,0.13300
LTR,22936,0.41248,0.12298
LTR,22951,0.12697,0.09180
LTR,2296,0.39016,0.09576
LTR,22966,0.21332,0.09302
LTR,22981,0.10797,0.07422
LTR,22996,0.22053,0.18579
LTR,23011,0.05480,0.05078
LTR,23026,0.19543,0.28399
LTR,23041,0.13583,0.07422
LTR,23056,0.75436,0.19973
LTR,23071,0.00000,0.00000
LTR,23086,0.08703,0.01562
LTR,23101,0.45395,0.33368
LTR,2311,0.17086,0.15789
LTR,23116,0.54370,0.30885
LTR,23146,0.25691,0.16625
LTR,23161,0.27692,0.18746
LTR,23176,0.19332,0.23769
LTR,23191,0.32224,0.18001
LTR,23206,0.27051,0.11068
LTR,23221,0.39159,0.12258
LTR,23236,0.41494,0.09375
LTR,23251,0.34957,0.23329
LTR,2326,0.00000,0.00000
LTR,23266,0.44524,0.13151
LTR,23281,0.43226,0.15485
LTR,23296,0.57506,0.44453
LTR,23311,0.33612,0.22526
LTR,23326,0.08791,0.12041
LTR,23341,0.04110,0.08813
LTR,23356,0.20965,0.13643
LTR,23371,0.03353,0.01562
LTR,23386,0.17240,0.14101
LTR,23401,0.34540,0.33552
LTR,2341,0.19955,0.15710
LTR,23416,0.00000,0.00000
LTR,23431,0.26268,0.10645
LTR,23446,0.02087,0.01562
LTR,23476,0.36425,0.23384
LTR,23506,0.29765,0.15485
LTR,23521,0.00000,0.00000
LTR,23536,0.22520,0.15039
LTR,23551,0.78957,0.30885
LTR,2356,0.09703,0.17351
LTR,23581,0.00000,0.00000
LTR,23596,0.28977,0.12852
LTR,23611,0.25383,0.29850
LTR,23626,0.11538,0.21395
LTR,23641,0.12157,0.06451
LTR,23656,0.45169,0.32529
LTR,23671,0.36496,0.22935
LTR,23686,0.64733,0.46264
LTR,2371,0.08159,0.11067
LTR,23716,0.00875,0.01250
LTR,23731,0.26614,0.27319
LTR,23746,0.06326,0.11011
LTR,23761,0.20588,0.21633
LTR,23776,0.13131,0.24829
LTR,23791,1.00000,0.96808
LTR,23806,0.31973,0.22121
LTR,23821,0.37558,0.16258
LTR,23836,0.36606,0.27368
LTR,23851,0.08053,0.15789
LTR,2386,0.50291,0.23372
LTR,23866,0.46253,0.15977
LTR,23881,0.54531,0.20767
LTR,23911,0.16612,0.24129
LTR,23926,0.33333,0.13264
LTR,23941,0.09619,0.09576
LTR,23956,0.78843,0.22701
LTR,23971,0.10206,0.13300
LTR,23986,0.16521,0.02734
LTR,24001,0.14609,0.27192
LTR,2401,0.40209,0.30885
LTR,24016,0.16958,0.02083
LTR,24031,0.48347,0.29435
LTR,24046,0.00000,0.00000
LTR,24061,0.18459,0.15710
LTR,24076,0.46253,0.15977
LTR,24091,0.29765,0.15485
LTR,241,0.40205,0.48839
LTR,24106,0.51046,0.32529
LTR,24121,0.21689,0.23990
LTR,24136,0.02375,0.02734
LTR,24151,0.65766,0.18750
LTR,2416,0.04869,0.01562
LTR,24181,0.38357,0.16626
LTR,24196,0.38785,0.20020
LTR,24211,0.11781,0.21492
LTR,24226,0.14149,0.08813
LTR,24241,0.14032,0.11597
LTR,24256,0.00000,0.00000
LTR,24271,0.68860,0.34642
LTR,24286,0.21327,0.15412
LTR,24301,0.06622,0.04297
LTR,2431,0.00000,0.00000
LTR,24316,0.04600,0.04647
LTR,24331,0.46331,0.34642
LTR,24346,0.14607,0.04688
LTR,24361,0.70210,0.29435
LTR,24376,0.00000,0.00000
LTR,24391,0.00000,0.00000
LTR,24406,0.10295,0.11067
LTR,24421,0.11390,0.14966
LTR,24436,0.33704,0.48804
LTR,24451,0.14220,0.13264
LTR,2446,0.14895,0.04647
LTR,24466,0.37193,0.08472
LTR,24481,0.09441,0.07481
LTR,24496,0.12371,0.07422
LTR,24511,0.28216,0.28710
LTR,24526,0.17284,0.27742
LTR,24541,0.38012,0.24759
LTR,24556,0.07185,0.08750
LTR,24571,0.24257,0.30132
LTR,24601,0.10026,0.03255
LTR,2461,0.24630,0.03125
LTR,24616,0.39506,0.23329
LTR,24631,0.11826,0.08813
LTR,24646,0.09242,0.02734
LTR,24661,0.05321,0.07520
LTR,24676,0.45442,0.30885
LTR,24706,0.45229,0.26949
LTR,24721,0.55315,0.09180
LTR,24751,0.66084,0.22149
LTR,2476,0.68860,0.34642
LTR,24766,0.00000,0.00000
LTR,24781,0.21399,0.09375
LTR,24796,0.52779,0.31164
LTR,24811,0.00000,0.00000
LTR,24826,0.27386,0.15565
LTR,24841,0.17182,0.07422
LTR,24856,0.38044,0.24653
LTR,24871,0.10464,0.08813
LTR,24886,0.09666,0.05703
LTR,24901,0.05346,0.05688
LTR,2491,0.70210,0.29435
LTR,24916,0.09242,0.02734
LTR,24931,0.18807,0.03548
LTR,24961,0.05007,0.07266
LTR,24976,0.31583,0.28399
LTR,24991,0.02817,0.04590
LTR,25006,0.48811,0.22526
LTR,25021,0.00000,0.00000
LTR,25036,0.42730,0.15278
LTR,25051,0.44256,0.22701
LTR,2506,0.31565,0.12323
LTR,25066,0.19184,0.13264
LTR,25081,0.55050,0.49473
LTR,25096,0.06904,0.03255
LTR,25111,0.13152,0.04590
LTR,25126,0.75219,0.15195
LTR,25141,0.44454,0.28172
LTR,25156,0.07817,0.03125
LTR,25171,0.40172,0.13924
LTR,25186,0.23289,0.32529
LTR,25201,0.00000,0.00000
LTR,2521,0.05653,0.02083
LTR,25216,0.59519,0.17351
LTR,25231,0.14748,0.10175
LTR,25246,0.14149,0.08813
LTR,25276,0.10295,0.13264
LTR,25291,0.00000,0.00000
LTR,25306,0.02750,0.05078
LTR,25321,0.45335,0.28710
LTR,25336,0.13164,0.02734
LTR,25351,0.25906,0.08374
LTR,2536,0.00000,0.00000
LTR,25366,0.27727,0.15789
LTR,25381,0.45442,0.30885
LTR,25396,0.00000,0.00000
LTR,25411,0.31790,0.15977
LTR,25426,0.10560,0.11597
LTR,25441,0.35014,0.30644
LTR,25456,0.83042,0.11583
LTR,25471,0.55991,0.18001
LTR,25486,0.59380,0.52112
LTR,25501,1.00000,0.13264
LTR,2551,0.26806,0.17851
LTR,25516,0.33045,0.13300
LTR,25531,0.05693,0.12041
LTR,25546,0.08573,0.04647
LTR,25561,0.22619,0.29850
LTR,25576,0.55944,0.24829
LTR,25591,0.34263,0.31272
LTR,256,0.25092,0.24787
LTR,25606,0.36222,0.28371
LTR,25621,0.68657,0.17548
LTR,25636,0.72426,0.39844
LTR,25651,0.12411,0.12298
LTR,2566,0.42730,0.17519
LTR,25666,0.54176,0.24013
LTR,25681,0.10863,0.07266
LTR,25696,0.19232,0.21492
LTR,25711,0.53291,0.24587
LTR,25726,0.26251,0.09375
LTR,25741,0.22475,0.16786
LTR,25756,0.38250,0.09375
LTR,25771,0.27770,0.20767
LTR,25786,0.36330,0.20196
LTR,25801,0.65836,0.28710
LTR,2581,0.55514,0.23097
LTR,25816,0.06667,0.13264
LTR,25831,0.07817,0.03125
LTR,25846,0.03618,0.02734
LTR,25861,0.03531,0.06451
LTR,25876,0.11081,0.08472
LTR,25891,0.00000,0.00000
LTR,25906,0.06667,0.13264
LTR,25921,0.68666,0.51582
LTR,25936,0.12139,0.08472
LTR,25951,0.06667,0.13264
LTR,2596,0.10471,0.13184
LTR,25966,0.25779,0.30885
LTR,25981,0.53120,0.26817
LTR,25996,0.24992,0.13151
LTR,26011,0.51818,0.17384
LTR,26026,0.47793,0.31473
LTR,26041,0.19184,0.11067
LTR,26056,0.32429,0.17805
LTR,26071,0.27386,0.15565
LTR,26086,0.12388,0.05078
LTR,26101,0.34263,0.31272
LTR,2611,0.63093,0.03125
LTR,26116,0.12031,0.24829
LTR,26131,0.11998,0.16545
LTR,26146,0.04374,0.01250
LTR,26161,0.20722,0.13184
LTR,26176,0.19614,0.17384
LTR,26191,0.55080,0.61018
LTR,26206,0.28960,0.10175
LTR,26221,0.28464,0.12041
LTR,26236,0.14378,0.03750
LTR,26251,0.07415,0.15991
LTR,2626,0.25993,0.11328
LTR,26266,0.15118,0.10645
LTR,26281,0.29649,0.21899
LTR,26296,0.48047,0.30782
LTR,26311,0.26570,0.15977
LTR,26326,0.01698,0.01562
LTR,26341,0.03755,0.05599
LTR,26356,0.00000,0.00000
LTR,26371,0.04105,0.03125
LTR,26386,0.22062,0.16929
LTR,26401,0.27395,0.18579
LTR,2641,0.38090,0.26367
LTR,26416,0.10353,0.05078
LTR,26431,0.65341,0.28516
LTR,26446,0.27379,0.13359
LTR,26461,0.72614,0.28951
LTR,26476,0.65092,0.04590
LTR,26491,0.16958,0.06250
LTR,26506,0.00000,0.00000
LTR,26521,0.15510,0.22149
LTR,26536,0.45506,0.22149
LTR,26551,0.03357,0.05078
LTR,2656,0.16174,0.07715
LTR,26566,0.19955,0.15710
LTR,26581,0.00000,0.00000
LTR,26596,0.31766,0.10091
LTR,26611,0.15069,0.17384
LTR,26626,0.80907,0.36821
LTR,26641,0.26200,0.19399
LTR,26656,0.39015,0.09198
LTR,26671,0.57337,0.20699
LTR,26686,0.17654,0.06451
LTR,26701,0.26692,0.13643
LTR,2671,0.55751,0.23828
LTR,26716,0.72426,0.25157
LTR,26731,0.16813,0.01562
LTR,26746,0.10807,0.20573
LTR,26761,0.06229,0.01250
LTR,26776,0.24668,0.24311
LTR,26791,0.22481,0.22559
LTR,26806,0.00000,0.00000
LTR,26821,0.11276,0.05688
LTR,26836,0.51818,0.17384
LTR,26851,0.10295,0.13264
LTR,2686,0.31565,0.10059
LTR,26866,0.61075,0.32529
LTR,26881,0.85393,0.12041
LTR,26896,0.24148,0.17805
LTR,26911,0.25982,0.23329
LTR,26926,0.07818,0.01250
LTR,26941,0.18773,0.05599
LTR,26956,0.77142,0.31331
LTR,26971,0.14351,0.26105
LTR,26986,0.30846,0.30174
LTR,27001,0.32704,0.15039
LTR,2701,0.55356,0.32230
LTR,27016,0.07914,0.20443
LTR,27031,0.06802,0.08374
LTR,27046,0.24486,0.26502
LTR,27061,0.06179,0.03125
LTR,27076,0.61060,0.15680
LTR,27091,0.03012,0.01250
LTR,271,0.66453,0.24146
LTR,27106,0.13987,0.13062
LTR,27121,0.16280,0.06844
LTR,27136,0.28960,0.12298
LTR,27151,0.05336,0.01562
LTR,2716,0.08680,0.06641
LTR,27166,0.43068,0.10938
LTR,27181,0.26275,0.26223
LTR,27196,0.19234,0.07422
LTR,27211,0.12269,0.08984
LTR,27226,0.12411,0.12298
LTR,27241,0.00000,0.00000
LTR,27256,0.05693,0.12041
LTR,27271,0.05693,0.12041
LTR,27301,0.42730,0.17519
LTR,2731,0.00000,0.00000
LTR,27331,0.28490,0.24829
LTR,27346,0.00000,0.00000
LTR,27361,0.53291,0.24587
LTR,27376,0.13096,0.26923
LTR,27391,0.07245,0.03548
LTR,27406,0.00000,0.00000
LTR,27421,0.00000,0.00000
LTR,27436,0.14607,0.04688
LTR,2746,0.03647,0.08203
LTR,27466,0.11895,0.26367
LTR,27481,0.48523,0.22559
LTR,27496,0.08614,0.15710
LTR,27511,0.81515,0.31960
LTR,27526,0.52041,0.30644
LTR,27541,0.07824,0.13264
LTR,27571,0.15708,0.10278
LTR,27586,0.13131,0.24829
LTR,27601,0.38800,0.17805
LTR,2761,0.46012,0.31272
LTR,27631,0.37077,0.15991
LTR,27646,0.07018,0.05688
LTR,27661,0.09135,0.10606
LTR,27676,0.63668,0.09180
LTR,27691,0.62155,0.33217
LTR,27706,0.11753,0.04647
LTR,27721,0.14895,0.04647
LTR,27736,0.11512,0.17440
LTR,27751,0.60625,0.18750
LTR,2776,0.47420,0.27180
LTR,27766,0.13739,0.07266
LTR,27781,0.07566,0.06451
LTR,27796,0.00000,0.00000
LTR,27811,0.00000,0.00000
LTR,27826,0.47037,0.21797
LTR,27841,0.21117,0.28951
LTR,27856,0.18551,0.13643
LTR,27871,0.03961,0.02734
LTR,27886,0.11305,0.06250
LTR,27901,0.55944,0.24829
LTR,2791,0.15679,0.07422
LTR,27916,0.00000,0.00000
LTR,27931,0.64557,0.28172
LTR,27961,0.58224,0.47958
LTR,27976,0.08753,0.13264
LTR,27991,0.24573,0.20699
LTR,28006,0.29608,0.03125
LTR,28021,0.42841,0.11499
LTR,28036,0.27053,0.20196
LTR,2806,0.63124,0.20196
LTR,28066,0.07985,0.07422
LTR,28081,0.04818,0.11011
LTR,28096,0.12697,0.09180
LTR,28111,0.64982,0.38145
LTR,28126,0.08278,0.09937
LTR,28141,0.44112,0.31164
LTR,28156,0.63594,0.30943
LTR,28171,0.00000,0.00000
LTR,28186,0.22953,0.11067
LTR,28201,0.25245,0.21492
LTR,2821,0.22474,0.13062
LTR,28216,0.18584,0.06250
LTR,28231,0.13987,0.13062
LTR,28246,0.28149,0.26949
LTR,28261,0.34432,0.18020
LTR,28276,0.00000,0.00000
LTR,28291,0.01558,0.01562
LTR,28306,0.20276,0.18610
LTR,28321,0.07133,0.03125
LTR,28336,0.15679,0.07422
LTR,28351,0.05470,0.10553
LTR,2836,0.04279,0.06250
LTR,28366,0.85393,0.12041
LTR,28381,0.19184,0.11067
LTR,28396,0.13070,0.05703
LTR,28411,0.36890,0.24437
LTR,28426,0.22520,0.15039
LTR,28441,0.83042,0.11583
LTR,28456,0.51818,0.17384
LTR,28486,0.03012,0.01250
LTR,2851,0.20548,0.08813
LTR,28516,0.38685,0.03125
LTR,28531,0.24486,0.26502
LTR,28546,0.09794,0.06250
LTR,28561,0.24374,0.14673
LTR,28591,0.44540,0.24587
LTR,28606,0.46181,0.35731
LTR,28621,0.57026,0.26147
LTR,28636,0.00000,0.00000
LTR,28651,0.16958,0.02083
LTR,2866,0.03038,0.01250
LTR,28666,0.30819,0.07886
LTR,28681,0.14149,0.08813
LTR,28696,0.18438,0.09180
LTR,28711,0.41658,0.14638
LTR,28726,0.28960,0.12298
LTR,28741,0.19942,0.12298
LTR,28756,0.42610,0.34947
LTR,28771,0.57337,0.18218
LTR,28786,0.33916,0.06250
LTR,28801,0.56470,0.15412
LTR,2881,0.16958,0.08203
LTR,28816,0.20181,0.28516
LTR,28831,0.63124,0.20196
LTR,28861,0.00000,0.00000
LTR,28876,0.18584,0.08203
LTR,28891,0.68642,0.23329
LTR,28906,0.01655,0.01250
LTR,28921,0.00000,0.00000
LTR,28936,0.00000,0.00000
LTR,28951,0.38090,0.26367
LTR,2896,0.10054,0.19766
LTR,28966,0.62852,0.52084
LTR,28981,0.26106,0.20252
LTR,28996,0.22880,0.18299
LTR,29011,0.24668,0.17440
LTR,29026,0.01504,0.01562
LTR,29041,0.76971,0.45177
LTR,29056,0.22427,0.24314
LTR,29071,0.00000,0.00000
LTR,29086,0.10026,0.03255
LTR,29101,0.80453,0.16229
LTR,2911,0.02767,0.06250
LTR,29116,0.89504,0.96808
LTR,29131,0.29271,0.05688
LTR,29146,0.33061,0.31331
LTR,29161,0.00000,0.00000
LTR,29176,0.14748,0.10175
LTR,29191,0.82131,0.16626
LTR,29206,0.36597,0.32505
LTR,29221,0.07133,0.03125
LTR,29236,0.12786,0.05078
LTR,29251,0.00000,0.00000
LTR,2926,0.04052,0.03750
LTR,29266,0.32532,0.16454
LTR,29281,0.15169,0.07481
LTR,29296,0.61115,0.35044
LTR,29311,0.51546,0.50072
LTR,29326,0.09064,0.12422
LTR,29341,0.06803,0.07481
LTR,29356,0.15334,0.11876
LTR,29371,0.37815,0.21006
LTR,29386,0.22195,0.06641
LTR,29401,0.31898,0.28399
LTR,2941,0.11524,0.23992
LTR,29416,0.00000,0.00000
LTR,29431,0.21453,0.04590
LTR,29446,0.14986,0.03548
LTR,29461,0.04374,0.01250
LTR,29476,0.27247,0.20443
LTR,29491,0.50693,0.18907
LTR,29506,0.33916,0.06250
LTR,29521,0.00000,0.00000
LTR,29536,0.22953,0.13264
LTR,29551,0.76248,0.36737
LTR,2956,0.01216,0.02083
LTR,29566,0.36528,0.13264
LTR,29581,0.03531,0.06451
LTR,29596,0.04764,0.06451
LTR,29611,0.62837,0.33552
LTR,29626,0.04506,0.06177
LTR,29641,0.25718,0.12534
LTR,29656,0.30324,0.23299
LTR,29671,0.31157,0.23349
LTR,29686,0.42080,0.15195
LTR,29701,0.00941,0.01250
LTR,2971,0.26466,0.29462
LTR,29731,0.19590,0.15977
LTR,29746,0.10477,0.11583
LTR,29761,0.07824,0.13264
LTR,29776,0.32000,0.52344
LTR,29791,0.28497,0.14966
LTR,29806,0.00977,0.01250
LTR,29821,0.14795,0.20252
LTR,29836,0.63124,0.20196
LTR,29851,0.28821,0.27742
LTR,2986,0.47637,0.36731
LTR,29881,0.51949,0.33217
LTR,29896,0.13152,0.04590
LTR,29911,0.02979,0.04647
LTR,29926,0.49470,0.51147
LTR,29941,0.47599,0.16258
LTR,29956,0.09989,0.10553
LTR,29971,0.11218,0.07481
LTR,29986,0.05395,0.08813
LTR,3001,0.32199,0.29620
LTR,301,0.78601,0.10606
LTR,3016,0.09680,0.10278
LTR,3031,0.21399,0.09375
LTR,3046,0.72273,0.30493
LTR,3061,0.04460,0.02083
LTR,3076,0.20069,0.24311
LTR,3091,0.01874,0.01250
LTR,31,0.90262,0.33217
LTR,3106,0.38698,0.12555
LTR,3121,0.00000,0.00000
LTR,3136,0.00000,0.00000
LTR,3151,0.27936,0.28710
LTR,316,0.14378,0.03750
LTR,3166,0.39038,0.06250
LTR,3181,0.10047,0.21289
LTR,3196,0.67296,0.26334
LTR,3211,0.21121,0.26502
LTR,3241,0.04912,0.03125
LTR,3256,0.06794,0.09576
LTR,3271,0.25906,0.08374
LTR,3286,0.80907,0.36821
LTR,3301,0.47037,0.07422
LTR,331,0.38517,0.23119
LTR,3316,0.38523,0.24829
LTR,3331,0.09768,0.22241
LTR,3346,0.76987,0.29579
LTR,3361,0.10325,0.08984
LTR,3376,0.20548,0.08813
LTR,3391,0.61643,0.25034
LTR,3406,0.22773,0.20443
LTR,3421,0.14548,0.09180
LTR,3436,0.23218,0.24013
LTR,3451,0.44047,0.28728
LTR,346,0.16191,0.10376
LTR,3466,0.07785,0.06250
LTR,3481,0.07133,0.03125
LTR,3496,0.44397,0.31331
LTR,3511,0.27291,0.21492
LTR,3526,0.44454,0.28172
LTR,3541,0.62837,0.28591
LTR,3556,0.25873,0.16229
LTR,3571,0.27727,0.02734
LTR,3586,0.17048,0.14936
LTR,3601,0.91253,0.33552
LTR,361,0.00000,0.00000
LTR,3616,0.59688,0.27192
LTR,3631,0.33697,0.17791
LTR,3646,0.06364,0.02734
LTR,3661,0.72273,0.11011
LTR,3676,0.19274,0.22241
LTR,3691,0.20260,0.06478
LTR,3706,0.14198,0.26050
LTR,3721,0.28368,0.31372
LTR,3736,0.32451,0.30837
LTR,3751,0.05653,0.02083
LTR,376,0.78957,0.30885
LTR,3766,0.16486,0.19973
LTR,3781,0.04694,0.07520
LTR,3796,0.21883,0.23992
LTR,3811,0.04222,0.05078
LTR,3826,0.41379,0.29445
LTR,3841,0.28266,0.21289
LTR,3856,0.11305,0.06250
LTR,3871,0.18438,0.09180
LTR,3886,0.27926,0.22559
LTR,3901,0.60967,0.27743
LTR,391,0.85393,0.12041
LTR,3916,0.33076,0.14453
LTR,3931,0.21922,0.06250
LTR,3946,0.13152,0.04590
LTR,3961,0.10818,0.13300
LTR,3976,0.46916,0.50317
LTR,3991,0.06904,0.03255
LTR,4006,0.05731,0.09576
LTR,4021,0.09916,0.11876
LTR,4036,0.06112,0.04590
LTR,4051,0.38685,0.03750
LTR,406,0.14016,0.15039
LTR,4066,0.07923,0.04297
LTR,4081,0.09354,0.09576
LTR,4096,0.01525,0.01250
LTR,4111,0.00000,0.00000
LTR,4126,0.24426,0.09766
LTR,4141,0.50291,0.23372
LTR,4156,0.37211,0.11841
LTR,4171,0.50874,0.23828
LTR,4186,0.39482,0.20699
LTR,4201,0.35478,0.25034
LTR,421,0.35938,0.13216
LTR,4216,0.00000,0.00000
LTR,4231,0.00000,0.00000
LTR,4246,0.24208,0.06250
LTR,4261,0.03097,0.03255
LTR,4276,0.13059,0.09541
LTR,4291,0.08632,0.20972
LTR,4306,0.62587,0.21395
LTR,4321,0.20548,0.08813
LTR,4336,0.07817,0.03125
LTR,4351,0.08554,0.12666
LTR,436,0.52689,0.23299
LTR,4366,0.49126,0.05688
LTR,4381,0.21399,0.09375
LTR,4396,0.43357,0.47958
LTR,4411,0.33333,0.13264
LTR,4426,0.11174,0.09180
LTR,4441,0.36389,0.19800
LTR,4456,0.14125,0.26949
LTR,4471,0.27544,0.22701
LTR,4486,0.69414,0.39380
LTR,4501,0.62837,0.33552
LTR,451,0.54536,0.19766
LTR,4516,0.22986,0.09334
LTR,4531,0.08804,0.05078
LTR,4546,0.20548,0.08813
LTR,4561,0.04355,0.04297
LTR,4576,0.05567,0.03750
LTR,4591,0.49662,0.19800
LTR,46,0.04222,0.05078
LTR,4606,0.04675,0.07520
LTR,4621,0.00000,0.00000
LTR,4636,0.18856,0.21633
LTR,4651,0.91253,0.33552
LTR,466,0.09560,0.05599
LTR,4666,0.05193,0.04647
LTR,4681,0.11305,0.06250
LTR,4696,0.06326,0.11011
LTR,4711,0.49767,0.30493
LTR,4726,0.31380,0.15565
LTR,4741,0.07985,0.07422
LTR,4756,0.11138,0.07715
LTR,4771,0.23821,0.23047
LTR,4786,0.38731,0.26334
LTR,4801,0.25122,0.07886
LTR,481,0.12309,0.23372
LTR,4816,0.21399,0.03125
LTR,4831,1.00000,0.33552
LTR,4846,0.60184,0.27399
LTR,4861,0.05181,0.11011
LTR,4876,0.74429,0.28399
LTR,4891,0.07985,0.07422
LTR,4906,0.46995,0.22142
LTR,4921,0.24091,0.08984
LTR,4936,0.38800,0.17805
LTR,4951,0.32704,0.15039
LTR,496,0.08265,0.04590
LTR,4966,0.22581,0.23299
LTR,4981,0.08567,0.11067
LTR,4996,0.41312,0.06250
LTR,5011,0.00000,0.00000
LTR,5026,0.41607,0.18750
LTR,5041,0.32668,0.29579
LTR,5056,0.05097,0.05688
LTR,5071,0.13987,0.13062
LTR,5086,0.12786,0.05078
LTR,5101,0.07199,0.10553
LTR,511,0.38290,0.19766
LTR,5116,0.07785,0.06250
LTR,5131,0.43232,0.22121
LTR,5146,0.49198,0.49976
LTR,5161,0.06831,0.10091
LTR,5176,0.52963,0.06451
LTR,5191,0.28592,0.10553
LTR,5206,0.00000,0.00000
LTR,5221,0.13468,0.12020
LTR,5236,0.29823,0.17384
LTR,5251,0.38090,0.26367
LTR,526,0.02263,0.03548
LTR,5266,0.00000,0.00000
LTR,5281,1.00000,0.33552
LTR,5296,0.13831,0.03125
LTR,5311,0.20089,0.05688
LTR,5326,0.61471,0.20972
LTR,5341,0.00000,0.00000
LTR,5356,0.11506,0.04297
LTR,5371,0.37506,0.14192
LTR,5386,0.19520,0.18750
LTR,5401,0.40654,0.25157
LTR,541,0.47037,0.21797
LTR,5416,0.00000,0.00000
LTR,5431,0.65682,0.26949
LTR,5446,0.07539,0.09198
LTR,5461,0.35608,0.29462
LTR,5476,0.62755,0.24437
LTR,5491,0.33385,0.26050
LTR,5506,0.00000,0.00000
LTR,5521,0.04282,0.02734
LTR,5536,0.00000,0.00000
LTR,5551,0.43297,0.27017
LTR,556,0.37419,0.14192
LTR,5566,0.22322,0.20020
LTR,5581,0.42730,0.15278
LTR,5596,0.73929,0.22876
LTR,5611,0.26251,0.09375
LTR,5626,0.29627,0.19304
LTR,5641,0.16074,0.14192
LTR,5656,0.24091,0.08984
LTR,5671,0.00000,0.00000
LTR,5686,0.09161,0.05078
LTR,5701,0.51717,0.33569
LTR,571,0.03961,0.02734
LTR,5716,0.21740,0.07520
LTR,5731,0.15790,0.14101
LTR,5746,0.40562,0.21492
LTR,5761,0.57292,0.22876
LTR,5776,0.14149,0.08813
LTR,5791,0.04406,0.05599
LTR,5806,0.55944,0.24829
LTR,5821,0.28712,0.10606
LTR,5836,0.15169,0.07481
LTR,5851,0.24592,0.15278
LTR,586,0.05383,0.11011
LTR,5866,0.04012,0.04297
LTR,5881,0.05238,0.06250
LTR,5896,0.40936,0.28371
LTR,5911,0.49767,0.20054
LTR,5926,0.64974,0.17548
LTR,5941,0.23307,0.10553
LTR,5956,0.16521,0.02734
LTR,5971,0.10443,0.15565
LTR,5986,0.34197,0.19800
LTR,6001,0.11656,0.06641
LTR,601,0.71076,0.57943
LTR,6016,0.08284,0.06250
LTR,6031,0.16174,0.07715
LTR,6046,0.03492,0.06250
LTR,6061,0.41595,0.30493
LTR,6076,0.35938,0.13216
LTR,6091,0.29765,0.17742
LTR,61,0.22653,0.18299
LTR,6106,0.04636,0.06451
LTR,6121,0.17654,0.06451
LTR,6136,0.63093,0.03125
LTR,6151,0.00000,0.00000
LTR,616,0.68642,0.23329
LTR,6166,0.45820,0.09375
LTR,6181,0.65337,0.27101
LTR,6196,0.60967,0.27743
LTR,6211,0.26833,0.33007
LTR,6226,0.00000,0.00000
LTR,6241,0.52519,0.33552
LTR,6256,0.00000,0.00000
LTR,6271,0.00000,0.00000
LTR,6286,0.25575,0.21633
LTR,6301,0.25374,0.31960
LTR,631,0.01525,0.01250
LTR,6316,0.02879,0.02083
LTR,6331,0.04769,0.04688
LTR,6346,0.30771,0.12534
LTR,6361,1.00000,0.06250
LTR,6376,0.11593,0.11068
LTR,6391,0.14905,0.20731
LTR,6406,0.57292,0.22876
LTR,6421,0.41662,0.10553
LTR,6436,0.05887,0.06177
LTR,6451,0.14680,0.20020
LTR,646,0.48347,0.29435
LTR,6466,0.21376,0.26223
LTR,6481,0.32926,0.35644
LTR,6496,0.52789,0.95335
LTR,6511,0.09080,0.09375
LTR,6526,0.35396,0.14673
LTR,6541,0.17408,0.16229
LTR,6556,0.21099,0.24860
LTR,6571,0.05336,0.01562
LTR,6586,0.43675,0.03548
LTR,6601,0.39569,0.20443
LTR,661,0.00000,0.00000
LTR,6616,0.41595,0.30493
LTR,6631,0.44118,0.34406
LTR,6646,0.28464,0.12041
LTR,6661,0.04511,0.04688
LTR,6676,0.50926,0.34642
LTR,6691,0.07619,0.10606
LTR,6706,0.04601,0.06250
LTR,6721,0.74429,0.28399
LTR,6736,0.10471,0.13184
LTR,6751,0.37232,0.26502
LTR,676,0.74088,0.30063
LTR,6766,0.45335,0.28710
LTR,6781,0.00000,0.00000
LTR,6796,0.41049,0.21289
LTR,6811,0.29246,0.20196
LTR,6826,0.31920,0.12258
LTR,6841,0.04823,0.08813
LTR,6856,0.48523,0.22559
LTR,6871,0.22953,0.11067
LTR,6886,0.37606,0.28516
LTR,6901,0.32197,0.24829
LTR,691,0.35938,0.10884
LTR,6916,0.07585,0.04647
LTR,6931,0.75574,0.30644
LTR,6946,0.22854,0.05078
LTR,6961,0.03012,0.01250
LTR,6976,0.63271,0.14673
LTR,6991,0.14149,0.08813
LTR,7006,0.15444,0.13264
LTR,7021,0.49819,0.04590
LTR,7036,0.23976,0.14638
LTR,7051,0.29627,0.19304
LTR,706,0.36428,0.13643
LTR,7066,0.52896,0.23384
LTR,7081,0.20805,0.04688
LTR,7096,0.01131,0.02083
LTR,7111,0.04509,0.03548
LTR,7126,0.28184,0.33552
LTR,7141,1.00000,0.06250
LTR,7156,0.08322,0.12555
LTR,7171,0.37010,0.30275
LTR,7186,0.14689,0.07266
LTR,7201,0.07923,0.04297
LTR,721,0.05623,0.03750
LTR,7216,0.18856,0.21633
LTR,7231,0.02156,0.03255
LTR,7246,0.09242,0.02734
LTR,7261,0.00000,0.00000
LTR,7276,0.29777,0.22483
LTR,7291,0.55944,0.24829
LTR,7306,0.31088,0.09576
LTR,7321,0.04105,0.03125
LTR,7336,0.56172,0.12020
LTR,7351,0.37313,0.11328
LTR,736,0.32159,0.22876
LTR,7366,0.17747,0.10391
LTR,7381,0.18525,0.17742
LTR,7396,0.18459,0.15710
LTR,7411,0.16820,0.09766
LTR,7426,0.03027,0.03125
LTR,7441,0.00000,0.00000
LTR,7456,0.10453,0.07430
LTR,7471,0.24148,0.17805
LTR,7486,0.74429,0.28399
LTR,7501,0.40664,0.27101
LTR,751,0.30773,0.06478
LTR,7516,0.14200,0.13300
LTR,7531,0.18806,0.46364
LTR,7546,0.25826,0.24860
LTR,7561,0.01674,0.03125
LTR,7591,0.09776,0.10278
LTR,76,0.07255,0.10553
LTR,7606,0.32962,0.11499
LTR,7621,0.55991,0.18001
LTR,7636,0.45506,0.19559
LTR,7651,0.07824,0.11067
LTR,766,0.18551,0.13643
LTR,7666,0.05653,0.02083
LTR,7681,0.16485,0.22121
LTR,7696,0.28856,0.06478
LTR,7711,0.10129,0.14966
LTR,7726,0.04110,0.08813
LTR,7741,0.12040,0.06844
LTR,7756,0.10569,0.10278
LTR,7771,0.10104,0.02083
LTR,7786,0.04248,0.04688
LTR,7801,0.63995,0.09302
LTR,781,0.77673,0.45746
LTR,7816,0.64571,0.34052
LTR,7831,0.21673,0.23769
LTR,7846,0.43068,0.01562
LTR,7861,0.45351,0.14966
LTR,7876,0.21606,0.47837
LTR,7891,0.12098,0.08472
LTR,7906,0.00000,0.00000
LTR,7921,0.28666,0.25391
LTR,7936,0.05238,0.06250
LTR,7951,0.04823,0.08813
LTR,796,0.43071,0.15710
LTR,7966,0.24091,0.11011
LTR,7981,0.30641,0.11597
LTR,7996,0.42870,0.15680
LTR,8011,0.00000,0.00000
LTR,8026,0.45335,0.28710
LTR,8041,0.04927,0.07430
LTR,8056,0.22037,0.19766
LTR,8071,0.27897,0.11876
LTR,8086,0.16439,0.16626
LTR,8101,0.06228,0.10175
LTR,811,0.10612,0.09180
LTR,8116,0.50880,0.12041
LTR,8131,0.07133,0.03125
LTR,8146,0.23053,0.31404
LTR,8161,0.00000,0.00000
LTR,8176,0.67185,0.26223
LTR,8191,0.00000,0.00000
LTR,8206,0.07376,0.12020
LTR,8221,0.08308,0.14673
LTR,8236,0.24425,0.13264
LTR,8251,0.05336,0.01562
LTR,826,0.05238,0.06250
LTR,8266,0.31841,0.30132
LTR,8281,0.25663,0.28934
LTR,8296,0.15733,0.15991
LTR,8311,0.11952,0.12555
LTR,8326,0.20208,0.06250
LTR,8341,0.17675,0.18907
LTR,8356,0.03531,0.06451
LTR,8371,0.01427,0.03125
LTR,8386,0.57337,0.18218
LTR,8401,0.26215,0.19304
LTR,841,0.25919,0.24829
LTR,8416,0.17430,0.11597
LTR,8431,0.08287,0.12476
LTR,8446,0.03357,0.05078
LTR,8461,0.54125,0.28934
LTR,8476,0.12714,0.24146
LTR,8491,0.49470,0.51147
LTR,8506,0.16074,0.14192
LTR,8521,0.05144,0.04590
LTR,8536,0.81515,0.31960
LTR,8551,0.12411,0.12298
LTR,856,0.33189,0.11597
LTR,8566,0.22062,0.19304
LTR,8581,0.02261,0.06250
LTR,8596,0.10522,0.03548
LTR,8611,0.54377,0.18746
LTR,8626,0.52547,0.38867
LTR,8641,0.16037,0.14192
LTR,8656,0.29476,0.27180
LTR,8671,0.01644,0.02083
LTR,8686,0.27053,0.20196
LTR,8701,0.05545,0.07734
LTR,871,0.09384,0.06641
LTR,8716,0.02701,0.04297
LTR,8731,0.00000,0.00000
LTR,8746,0.07133,0.03125
LTR,8761,0.13350,0.17742
LTR,8776,0.35478,0.25034
LTR,8791,0.08002,0.14101
LTR,8806,0.12277,0.07266
LTR,8821,0.95207,0.33007
LTR,8836,0.17363,0.11876
LTR,8851,0.01427,0.03125
LTR,886,0.01428,0.01250
LTR,8866,0.36332,0.03548
LTR,8881,0.12165,0.13501
LTR,8896,0.05757,0.06250
LTR,8911,0.28613,0.35062
LTR,8926,0.05764,0.06451
LTR,8941,0.24008,0.17384
LTR,8956,0.45229,0.26949
LTR,8971,0.68690,0.36575
LTR,8986,0.04374,0.01250
LTR,9001,0.08680,0.06641
LTR,901,0.09083,0.14873
LTR,9016,0.59583,0.13264
LTR,9031,0.29295,0.11011
LTR,9046,0.43226,0.17742
LTR,9061,0.11305,0.06250
LTR,9076,0.08949,0.06844
LTR,9091,0.27386,0.15565
LTR,91,0.62837,0.33552
LTR,9106,0.11003,0.12476
LTR,9121,0.04374,0.01250
LTR,9136,0.27936,0.28710
LTR,9151,0.14286,0.13264
LTR,9166,0.10822,0.13379
LTR,9181,0.13121,0.01250
LTR,9196,0.15030,0.07520
LTR,9211,0.83042,0.11583
LTR,9226,0.00000,0.00000
LTR,9241,0.05693,0.12041
LTR,9256,0.21416,0.11841
LTR,9271,0.32995,0.29579
LTR,9286,0.17989,0.05078
LTR,9301,0.00000,0.00000
LTR,931,0.53291,0.24587
LTR,9316,0.15030,0.07520
LTR,9331,0.16174,0.07715
LTR,9346,0.45422,0.22241
LTR,9361,0.63093,0.03125
LTR,9376,0.87722,0.07715
LTR,9391,0.02802,0.01562
LTR,9406,0.13193,0.08374
LTR,9421,0.05182,0.10645
LTR,9436,0.41049,0.21289
LTR,9451,0.13358,0.19922
LTR,946,0.20770,0.23349
LTR,9466,0.76963,0.20573
LTR,9481,0.01131,0.02083
LTR,9496,0.16521,0.02734
LTR,9511,0.22815,0.13300
LTR,9526,0.54377,0.18746
LTR,9541,0.79948,0.31272
LTR,9556,0.11191,0.08472
LTR,9571,0.30443,0.23384
LTR,9586,0.04099,0.04647
LTR,9601,0.13121,0.01250
LTR,961,0.34629,0.27637
LTR,9616,0.00000,0.00000
LTR,9631,0.00000,0.00000
LTR,9646,0.21399,0.03125
LTR,9661,0.06156,0.06451
LTR,9676,0.27681,0.11583
LTR,9691,0.28216,0.28710
LTR,9706,0.11506,0.04297
LTR,9721,0.33333,0.13264
LTR,9736,0.06278,0.10278
LTR,9751,0.44958,0.12323
LTR,976,0.27051,0.11068
LTR,9766,0.30478,0.09375
LTR,9781,0.45918,0.22479
LTR,9796,0.52963,0.19973
LTR,9811,0.57401,0.56549
LTR,9841,1.00000,0.09180
LTR,9856,0.61342,0.18020
LTR,9871,0.57337,0.20699
LTR,9886,0.05731,0.09576
LTR,9901,0.00000,0.00000
LTR,991,0.25912,0.10645
LTR,9916,0.05653,0.02083
LTR,9931,0.05757,0.06250
LTR,9946,0.10306,0.12323
LTR,9961,0.03275,0.03548
LTR,9976,0.98077,0.31272
LTR,9991,0.23812,0.36737
