runid,topic,ndcg@5,err@5
LTR,10012,0.66276,0.15991
LTR,10027,0.11220,0.17519
LTR,10042,0.23770,0.12422
LTR,10057,0.42184,0.41039
LTR,10072,0.09354,0.07520
LTR,10087,0.08982,0.13062
LTR,10102,0.10962,0.12298
LTR,10117,0.09053,0.07734
LTR,1012,0.46972,0.19766
LTR,10132,0.11506,0.04297
LTR,10147,0.55386,0.51758
LTR,10162,0.15679,0.07422
LTR,10177,0.06797,0.10175
LTR,10192,0.10863,0.09302
LTR,10207,0.69921,0.29462
LTR,10222,0.12277,0.09302
LTR,10237,0.00000,0.00000
LTR,10252,0.30738,0.16625
LTR,10267,0.09760,0.08203
LTR,1027,0.37232,0.19475
LTR,10282,0.03392,0.08203
LTR,10297,0.60184,0.27399
LTR,10312,0.21827,0.07520
LTR,10327,0.00000,0.00000
LTR,10342,0.03111,0.06250
LTR,10357,0.25827,0.14192
LTR,10372,0.00000,0.00000
LTR,10387,0.00000,0.00000
LTR,10402,0.13573,0.11011
LTR,10417,0.33562,0.21674
LTR,1042,0.06803,0.07481
LTR,10432,0.01963,0.03125
LTR,10447,0.18034,0.15195
LTR,10462,0.00000,0.00000
LTR,10477,0.39016,0.09576
LTR,10492,0.49767,0.30493
LTR,10522,0.63341,0.25215
LTR,10537,0.40714,0.31272
LTR,10552,0.12031,0.24829
LTR,10567,0.15685,0.05078
LTR,1057,0.28490,0.24829
LTR,10582,0.42080,0.15195
LTR,10597,0.26407,0.04688
LTR,10612,0.77389,0.24587
LTR,10627,0.08944,0.10175
LTR,10657,0.16102,0.06250
LTR,10672,0.41982,0.21224
LTR,10687,0.23304,0.18746
LTR,10702,0.10215,0.23769
LTR,10717,0.28149,0.26949
LTR,1072,0.06384,0.04647
LTR,10732,0.23370,0.20767
LTR,10747,0.19520,0.18750
LTR,10762,0.46471,0.33552
LTR,10777,0.08435,0.10884
LTR,10792,0.10961,0.02083
LTR,10807,0.03435,0.03548
LTR,10822,0.12405,0.16454
LTR,10837,0.64636,0.11067
LTR,10852,0.31099,0.20573
LTR,10867,0.44112,0.31164
LTR,1087,1.00000,0.06250
LTR,10882,0.56228,0.37937
LTR,10897,0.20027,0.17742
LTR,10912,0.20568,0.04297
LTR,10927,0.32570,0.29193
LTR,10942,0.22062,0.19304
LTR,10957,0.10684,0.11597
LTR,10972,0.32999,0.18218
LTR,10987,0.08176,0.10645
LTR,11002,0.05240,0.10606
LTR,11017,0.15928,0.12852
LTR,1102,0.34957,0.23329
LTR,11032,0.22069,0.05078
LTR,11047,0.00000,0.00000
LTR,11062,0.06346,0.08813
LTR,11077,0.17804,0.20767
LTR,11092,0.02156,0.03255
LTR,11107,0.12117,0.17805
LTR,11122,0.11593,0.11068
LTR,11137,0.45824,0.17896
LTR,11152,0.15444,0.18020
LTR,11167,0.28960,0.12298
LTR,1117,0.39944,0.26050
LTR,11182,0.22773,0.20443
LTR,11197,0.04797,0.06250
LTR,112,0.45159,0.51582
LTR,11212,0.26972,0.17548
LTR,11227,0.01278,0.01562
LTR,11242,0.19061,0.11583
LTR,11257,0.00000,0.00000
LTR,11272,0.64691,0.26502
LTR,11287,0.03942,0.06250
LTR,11302,0.33686,0.28934
LTR,11317,0.00000,0.00000
LTR,1132,0.00000,0.00000
LTR,11347,0.96981,0.94037
LTR,11362,0.07293,0.02734
LTR,11377,0.12617,0.13264
LTR,11392,0.12786,0.05078
LTR,11407,0.32364,0.27593
LTR,11437,0.26647,0.12555
LTR,11452,0.00000,0.00000
LTR,11467,0.32876,0.28172
LTR,1147,0.00000,0.00000
LTR,11482,0.11863,0.11583
LTR,11497,0.37550,0.20767
LTR,11512,0.05693,0.12041
LTR,11527,0.35032,0.23828
LTR,11542,0.43226,0.17742
LTR,11557,0.05181,0.11011
LTR,11572,0.33654,0.22149
LTR,11587,0.41662,0.10553
LTR,11602,0.31295,0.18746
LTR,11617,0.27812,0.33368
LTR,1162,0.76990,0.15710
LTR,11632,0.65567,0.40772
LTR,11647,0.21978,0.23906
LTR,11662,0.00000,0.00000
LTR,11677,0.04869,0.01562
LTR,11692,0.76646,0.31164
LTR,11707,0.00000,0.00000
LTR,11722,0.48320,0.27101
LTR,11737,0.16585,0.14873
LTR,11752,0.86879,0.12298
LTR,11767,0.17922,0.03255
LTR,1177,0.15890,0.15991
LTR,11782,0.12575,0.27017
LTR,11797,0.19823,0.15977
LTR,11812,0.21399,0.09375
LTR,11827,0.56189,0.96685
LTR,11842,0.00000,0.00000
LTR,11857,0.07785,0.06250
LTR,11887,0.24789,0.15710
LTR,11902,0.05470,0.10553
LTR,11917,0.39482,0.20699
LTR,1192,0.04929,0.05599
LTR,11932,0.17299,0.07886
LTR,11947,0.38385,0.24860
LTR,11962,0.09206,0.15412
LTR,11977,0.36005,0.13184
LTR,11992,0.44685,0.15001
LTR,12007,0.00000,0.00000
LTR,12022,0.10987,0.03255
LTR,12037,0.27541,0.06250
LTR,12052,0.15169,0.07481
LTR,12067,0.12082,0.19304
LTR,1207,0.49126,0.15659
LTR,12082,0.09044,0.11797
LTR,12097,0.54631,0.16626
LTR,12112,0.49767,0.30493
LTR,12127,0.26947,0.27017
LTR,12142,0.15102,0.01250
LTR,12157,0.18438,0.09180
LTR,12172,0.32777,0.16258
LTR,12187,0.19347,0.06451
LTR,12202,0.00000,0.00000
LTR,12217,0.25532,0.19057
LTR,1222,0.69183,0.47837
LTR,12232,0.13865,0.08984
LTR,12247,0.06667,0.13264
LTR,12262,0.18106,0.31331
LTR,12277,0.90262,0.33217
LTR,12292,0.08944,0.12298
LTR,12307,0.41494,0.09375
LTR,12322,0.08416,0.12852
LTR,12337,0.06121,0.12041
LTR,12352,0.30725,0.18299
LTR,12382,0.21934,0.15710
LTR,12397,0.23720,0.01250
LTR,12412,0.23477,0.16959
LTR,12427,0.51766,0.12298
LTR,12442,0.43487,0.32505
LTR,12457,0.75211,0.26223
LTR,12472,0.36688,0.19548
LTR,12487,0.51075,0.23769
LTR,12502,0.00000,0.00000
LTR,12517,0.26648,0.15835
LTR,1252,0.03057,0.03125
LTR,12532,0.05223,0.08472
LTR,12547,0.07442,0.11841
LTR,12562,0.20027,0.17742
LTR,12577,0.16564,0.27399
LTR,12592,1.00000,0.06250
LTR,12607,0.28490,0.24829
LTR,12622,0.05319,0.02734
LTR,12637,0.34919,0.12041
LTR,12652,0.06626,0.13300
LTR,12667,0.00000,0.00000
LTR,1267,0.05653,0.02083
LTR,12682,0.21399,0.03125
LTR,12697,0.32529,0.29435
LTR,127,0.59826,0.33007
LTR,12712,0.00000,0.00000
LTR,12727,0.59565,0.47458
LTR,12742,0.24091,0.08984
LTR,12757,0.04105,0.03125
LTR,12772,0.58393,0.16258
LTR,12787,0.13070,0.05703
LTR,12802,0.32246,0.21704
LTR,12817,0.37745,0.51247
LTR,1282,0.10555,0.13151
LTR,12832,0.15132,0.12769
LTR,12847,0.46238,0.05703
LTR,12862,0.22149,0.30573
LTR,12877,0.27053,0.20196
LTR,12892,0.61075,0.32529
LTR,12907,0.18042,0.08472
LTR,12922,0.19101,0.19804
LTR,12937,0.10353,0.05078
LTR,12952,0.31559,0.12476
LTR,1297,0.34947,0.12666
LTR,12982,0.13121,0.01250
LTR,12997,0.09932,0.19800
LTR,13012,0.31766,0.10091
LTR,13027,0.07133,0.03125
LTR,13042,0.15401,0.13151
LTR,13057,0.04707,0.02734
LTR,13072,0.18438,0.09180
LTR,13087,0.17740,0.14691
LTR,13102,0.06255,0.06641
LTR,13117,0.51818,0.17384
LTR,13132,0.37211,0.11841
LTR,13147,0.56346,0.20252
LTR,13162,0.10257,0.04647
LTR,13177,0.25465,0.18020
LTR,13192,0.70436,0.56920
LTR,13207,0.17977,0.17122
LTR,13222,0.06179,0.03125
LTR,13237,0.06384,0.04647
LTR,13252,0.29271,0.05688
LTR,13267,0.44984,0.21289
LTR,1327,0.19184,0.11067
LTR,13282,0.14496,0.09937
LTR,13297,0.20665,0.47266
LTR,13312,0.16608,0.31473
LTR,13327,0.10497,0.22526
LTR,13342,0.27727,0.07734
LTR,13357,0.10072,0.16626
LTR,13372,0.87250,0.22526
LTR,13387,0.15679,0.07422
LTR,13417,0.65953,0.26640
LTR,1342,0.11276,0.05688
LTR,13432,0.20722,0.13184
LTR,13447,0.17174,0.27997
LTR,13462,0.46833,0.10606
LTR,13477,0.24630,0.03125
LTR,13492,0.56132,0.27319
LTR,13507,0.18525,0.17742
LTR,13537,0.14690,0.24829
LTR,13552,0.17661,0.14453
LTR,13567,0.06935,0.01562
LTR,1357,0.19982,0.15859
LTR,13582,0.27727,0.02734
LTR,13597,0.00000,0.00000
LTR,13612,0.48354,0.11068
LTR,13627,0.07211,0.10606
LTR,13642,0.01525,0.01250
LTR,13657,0.13121,0.03750
LTR,13672,0.13188,0.12041
LTR,13687,0.29554,0.11011
LTR,13717,0.06935,0.01562
LTR,1372,0.20208,0.06250
LTR,13732,0.12150,0.13501
LTR,13747,0.13530,0.22943
LTR,13762,0.28960,0.12298
LTR,13777,0.42731,0.57218
LTR,13792,0.24633,0.07430
LTR,13807,0.00000,0.00000
LTR,13822,0.71088,0.15565
LTR,13837,0.00000,0.00000
LTR,13852,0.12836,0.27192
LTR,13867,0.00000,0.00000
LTR,1387,0.06780,0.07430
LTR,13882,0.17654,0.06451
LTR,13897,0.36005,0.04590
LTR,13912,0.03531,0.06451
LTR,13942,0.88662,0.30493
LTR,13957,0.20712,0.09297
LTR,13972,0.46308,0.27742
LTR,13987,0.15837,0.22241
LTR,14002,0.07358,0.05078
LTR,14017,0.34519,0.12422
LTR,1402,0.39159,0.12258
LTR,14032,0.23642,0.06844
LTR,14047,0.65836,0.28710
LTR,14062,0.03275,0.05688
LTR,14077,0.65341,0.28516
LTR,14092,0.21979,0.20972
LTR,14107,0.35285,0.15309
LTR,14122,0.21345,0.11068
LTR,14152,0.20846,0.15659
LTR,14167,0.12555,0.11011
LTR,1417,0.86879,0.12298
LTR,14182,0.31088,0.07520
LTR,14197,0.04509,0.03548
LTR,142,0.08063,0.07734
LTR,14227,0.11869,0.10553
LTR,14242,0.41982,0.27743
LTR,14257,0.28765,0.24508
LTR,14272,0.17839,0.08374
LTR,14287,0.26625,0.04647
LTR,14302,0.15076,0.22526
LTR,14317,0.04321,0.06451
LTR,1432,0.60431,0.20930
LTR,14332,0.14895,0.04647
LTR,14347,0.23389,0.12258
LTR,14362,0.00000,0.00000
LTR,14377,0.18034,0.15195
LTR,14407,0.05365,0.01250
LTR,14422,0.00000,0.00000
LTR,14437,0.14689,0.09302
LTR,14452,0.01873,0.03125
LTR,14467,0.18342,0.17742
LTR,1447,0.32637,0.13062
LTR,14482,0.00000,0.00000
LTR,14497,0.48523,0.07715
LTR,14512,0.32082,0.24860
LTR,14527,0.09296,0.15485
LTR,14542,0.00000,0.00000
LTR,14557,0.06901,0.04647
LTR,14572,0.85034,0.07422
LTR,14587,0.17184,0.29435
LTR,14602,0.24426,0.09766
LTR,14617,0.33916,0.06250
LTR,1462,0.43226,0.17742
LTR,14632,0.06313,0.12323
LTR,14647,0.14689,0.09302
LTR,14662,0.05653,0.02083
LTR,14677,0.08659,0.15789
LTR,14692,0.02301,0.04297
LTR,14722,0.53291,0.24587
LTR,14737,0.23890,0.24860
LTR,14752,0.08051,0.02083
LTR,14767,0.14496,0.12041
LTR,1477,0.47267,0.23329
LTR,14782,0.19563,0.19383
LTR,14797,0.17336,0.14192
LTR,14812,0.45195,0.10553
LTR,14827,0.51075,0.23769
LTR,14842,0.51818,0.17384
LTR,14857,0.29517,0.30387
LTR,14872,0.15679,0.07422
LTR,14887,0.20005,0.22701
LTR,14902,0.00000,0.00000
LTR,14917,0.19992,0.20699
LTR,1492,0.47311,0.18610
LTR,14932,0.26907,0.22121
LTR,14947,0.07358,0.05078
LTR,14977,0.06507,0.06250
LTR,14992,0.01873,0.03125
LTR,15007,0.20919,0.16121
LTR,15022,0.18302,0.13216
LTR,15037,0.08806,0.08813
LTR,15067,0.22880,0.18299
LTR,1507,0.19590,0.15977
LTR,15082,0.58224,0.47958
LTR,15097,0.85034,0.07422
LTR,15112,0.47599,0.18579
LTR,15127,0.06640,0.07266
LTR,15142,0.34631,0.23372
LTR,15157,0.20208,0.06250
LTR,15172,0.05170,0.07481
LTR,15187,0.33557,0.05599
LTR,15202,0.22953,0.13264
LTR,15217,0.00000,0.00000
LTR,1522,0.15679,0.07422
LTR,15232,0.15022,0.27593
LTR,15262,0.00000,0.00000
LTR,15277,0.17157,0.28516
LTR,15292,0.25442,0.24025
LTR,15307,0.04509,0.03548
LTR,15322,0.27727,0.15789
LTR,15337,0.04912,0.03125
LTR,15352,0.43226,0.17742
LTR,15367,0.33916,0.06250
LTR,1537,0.24219,0.15195
LTR,15382,0.27897,0.11876
LTR,15397,0.42080,0.15195
LTR,15412,0.35099,0.09375
LTR,15427,0.05653,0.02083
LTR,15442,0.42857,0.34642
LTR,15457,0.24276,0.24001
LTR,15472,0.52963,0.19973
LTR,15487,0.11987,0.24860
LTR,15502,0.55315,0.26367
LTR,15517,0.07785,0.06250
LTR,1552,0.46166,0.15977
LTR,15532,0.12908,0.03548
LTR,15547,0.06413,0.10606
LTR,15562,0.36801,0.30676
LTR,15577,0.00000,0.00000
LTR,15592,0.21399,0.03125
LTR,15607,0.08046,0.05599
LTR,15622,0.04818,0.11011
LTR,15667,0.14496,0.12041
LTR,1567,0.14723,0.04590
LTR,15682,0.55743,0.24860
LTR,15697,0.11254,0.14873
LTR,157,0.47037,0.21797
LTR,15712,0.38357,0.16626
LTR,15727,0.00000,0.00000
LTR,15742,0.47311,0.18610
LTR,15757,0.10557,0.18750
LTR,15772,0.31963,0.03750
LTR,15787,0.00000,0.00000
LTR,15802,0.05953,0.11583
LTR,15817,0.14606,0.24731
LTR,1582,0.11071,0.07520
LTR,15832,0.28322,0.22149
LTR,15847,0.10875,0.18746
LTR,15862,0.01848,0.02734
LTR,15877,0.10794,0.10376
LTR,15892,0.14286,0.13264
LTR,15907,0.46585,0.22943
LTR,15922,0.09024,0.07422
LTR,15937,0.63526,0.47316
LTR,15952,0.17635,0.11597
LTR,15967,0.23464,0.02083
LTR,1597,0.37767,0.31960
LTR,15982,0.01428,0.01250
LTR,15997,0.42857,0.34642
LTR,16012,0.11229,0.08472
LTR,16027,0.21827,0.09576
LTR,16042,0.14144,0.13264
LTR,16057,0.78957,0.30885
LTR,16072,0.30079,0.09297
LTR,16087,0.51252,0.28399
LTR,16102,0.11506,0.04297
LTR,16117,0.17882,0.16454
LTR,1612,0.20712,0.09297
LTR,16132,0.13865,0.11011
LTR,16147,1.00000,0.54752
LTR,16162,0.16072,0.12476
LTR,16177,0.08051,0.02083
LTR,16192,0.29705,0.20731
LTR,16207,0.11189,0.24829
LTR,16222,0.08243,0.06844
LTR,16237,0.16375,0.05688
LTR,16252,0.42857,0.34642
LTR,16267,0.05084,0.06844
LTR,1627,0.88695,0.32529
LTR,16282,0.21430,0.12852
LTR,16297,0.60431,0.20930
LTR,16327,0.28464,0.12041
LTR,16342,0.31619,0.22479
LTR,16357,0.12763,0.18746
LTR,16372,0.37211,0.14101
LTR,16387,0.01428,0.01250
LTR,16417,0.72273,0.11011
LTR,1642,0.06653,0.07422
LTR,16432,0.08332,0.14638
LTR,16447,0.11581,0.15195
LTR,16462,0.47200,0.15710
LTR,16477,0.32777,0.18579
LTR,16492,0.51279,0.50430
LTR,16507,0.08554,0.08472
LTR,16522,0.20488,0.29310
LTR,16537,0.16361,0.17742
LTR,16552,0.22988,0.24013
LTR,16567,0.04374,0.01250
LTR,1657,0.03892,0.02083
LTR,16582,0.62837,0.28591
LTR,16597,0.57553,0.34642
LTR,16612,0.24480,0.29435
LTR,16627,0.41049,0.21289
LTR,16642,0.17027,0.24787
LTR,16657,0.00000,0.00000
LTR,16672,0.08614,0.15710
LTR,16687,0.43071,0.13329
LTR,16702,0.12300,0.03255
LTR,16717,0.34599,0.25633
LTR,1672,0.39569,0.20443
LTR,16732,0.00000,0.00000
LTR,16747,0.06306,0.06478
LTR,16762,0.11305,0.06250
LTR,16777,0.42347,0.12422
LTR,16792,0.01427,0.03125
LTR,16807,0.39388,0.13501
LTR,16822,0.00000,0.00000
LTR,16837,0.48811,0.22526
LTR,16852,0.11338,0.02734
LTR,16867,0.69854,0.27593
LTR,1687,0.00000,0.00000
LTR,16882,0.57394,0.50562
LTR,16897,0.23706,0.26367
LTR,16912,0.13303,0.15710
LTR,16927,0.72273,0.30493
LTR,16957,0.05181,0.11011
LTR,16972,0.17403,0.20252
LTR,16987,0.27725,0.26502
LTR,17002,0.87250,0.22526
LTR,17017,0.13394,0.10059
LTR,1702,0.09760,0.06250
LTR,17032,0.05453,0.06451
LTR,17047,0.38785,0.20020
LTR,17062,0.06989,0.12666
LTR,17077,0.87722,0.07715
LTR,17092,0.08512,0.10286
LTR,17107,0.51818,0.14876
LTR,17122,0.12426,0.06250
LTR,17137,0.04723,0.06177
LTR,17152,0.16975,0.13264
LTR,17167,0.14899,0.17519
LTR,1717,0.18357,0.20196
LTR,17182,0.14672,0.12852
LTR,17197,0.09174,0.13264
LTR,172,0.01148,0.01250
LTR,17212,0.25899,0.20930
LTR,17227,0.19211,0.09334
LTR,17242,0.06527,0.13062
LTR,17257,0.06935,0.02083
LTR,17287,0.36096,0.21647
LTR,17302,0.50694,0.43327
LTR,17317,1.00000,0.09180
LTR,1732,0.23976,0.24829
LTR,17332,0.80158,0.28516
LTR,17347,0.00000,0.00000
LTR,17362,0.91253,0.33552
LTR,17377,0.21761,0.17519
LTR,17392,0.18438,0.09180
LTR,17407,0.00000,0.00000
LTR,17422,0.22346,0.25157
LTR,17437,0.45659,0.36714
LTR,17452,0.70000,0.37238
LTR,17467,0.47420,0.22600
LTR,1747,0.30385,0.07734
LTR,17482,0.06056,0.03548
LTR,17497,0.00000,0.00000
LTR,17512,0.00000,0.00000
LTR,17527,0.20047,0.19973
LTR,17542,0.02227,0.01250
LTR,17557,0.03136,0.07422
LTR,17572,0.31425,0.12020
LTR,17587,0.57337,0.20699
LTR,17602,0.44984,0.21289
LTR,17617,0.18438,0.09180
LTR,1762,0.33333,0.11067
LTR,17632,0.24091,0.11011
LTR,17647,0.22474,0.13062
LTR,17662,0.05022,0.09375
LTR,17677,0.52963,0.19973
LTR,17692,0.03021,0.04297
LTR,17707,0.35608,0.29462
LTR,17722,0.06406,0.07481
LTR,17737,0.02242,0.01562
LTR,17752,0.37891,0.28710
LTR,17767,0.17159,0.06177
LTR,1777,0.37828,0.12422
LTR,17782,0.13167,0.28710
LTR,17797,0.18770,0.11876
LTR,17812,0.15765,0.09198
LTR,17827,0.06794,0.09576
LTR,17842,0.00000,0.00000
LTR,17857,0.01927,0.01250
LTR,17887,0.00000,0.00000
LTR,17902,0.04266,0.09302
LTR,17917,0.55743,0.24860
LTR,1792,0.48102,0.27593
LTR,17932,0.20703,0.12534
LTR,17947,0.00000,0.00000
LTR,17962,0.12997,0.15195
LTR,17977,0.20047,0.19973
LTR,17992,0.32650,0.34642
LTR,18007,0.11385,0.11499
LTR,18022,0.36979,0.28951
LTR,18037,0.03647,0.08203
LTR,18052,0.24861,0.26949
LTR,18067,0.00000,0.00000
LTR,1807,0.49767,0.30493
LTR,18082,0.78130,0.46221
LTR,18097,0.06507,0.06250
LTR,18112,0.82654,0.70337
LTR,18127,0.10159,0.03125
LTR,18142,0.09891,0.13216
LTR,18157,0.11506,0.04297
LTR,18172,0.28856,0.06478
LTR,18187,0.05410,0.11068
LTR,18202,0.49310,0.18934
LTR,18217,0.10104,0.02083
LTR,1822,0.01760,0.02083
LTR,18232,0.52779,0.31164
LTR,18247,0.04374,0.01250
LTR,18262,0.07818,0.01250
LTR,18277,0.15284,0.14009
LTR,18292,0.09384,0.06641
LTR,18307,0.17804,0.20767
LTR,18322,0.43071,0.15710
LTR,18337,0.17747,0.10391
LTR,18352,0.00000,0.00000
LTR,18367,0.66289,0.20573
LTR,1837,0.16958,0.08203
LTR,18382,0.00000,0.00000
LTR,18397,0.21070,0.20930
LTR,18412,0.00000,0.00000
LTR,18427,0.34271,0.26334
LTR,18442,0.07474,0.12041
LTR,18472,0.25873,0.16229
LTR,18487,0.00000,0.00000
LTR,18502,0.11702,0.11011
LTR,18517,0.22208,0.17384
LTR,1852,0.09424,0.05688
LTR,18532,0.37550,0.20767
LTR,18547,0.00000,0.00000
LTR,18562,0.06229,0.01250
LTR,18577,0.28856,0.06478
LTR,18592,0.44149,0.05078
LTR,18607,0.54531,0.20767
LTR,18622,0.10797,0.07422
LTR,18637,0.00000,0.00000
LTR,18652,0.16102,0.06250
LTR,18667,0.26767,0.09766
LTR,1867,0.37078,0.56714
LTR,18682,0.61308,0.26223
LTR,18697,0.34935,0.31960
LTR,187,0.54370,0.30885
LTR,18712,0.10612,0.09180
LTR,18727,0.31769,0.51147
LTR,18742,0.48102,0.27593
LTR,18757,0.19131,0.16625
LTR,18772,0.21637,0.16797
LTR,18787,0.83479,0.22876
LTR,18802,0.11103,0.08374
LTR,18817,0.06541,0.15039
LTR,1882,0.41707,0.30773
LTR,18847,0.26251,0.09375
LTR,18862,0.10314,0.23992
LTR,18877,0.54377,0.18746
LTR,18892,0.40562,0.21492
LTR,18907,0.68179,0.57155
LTR,18922,0.07193,0.09198
LTR,18937,0.19018,0.13300
LTR,18952,0.81515,0.31960
LTR,18967,0.08549,0.11583
LTR,1897,0.00000,0.00000
LTR,18982,0.33924,0.31272
LTR,18997,0.17592,0.21289
LTR,19012,0.21979,0.20972
LTR,19027,0.51949,0.37793
LTR,19042,0.29246,0.20196
LTR,19057,0.13917,0.14873
LTR,19072,0.22272,0.12555
LTR,19087,0.82951,0.94273
LTR,19102,0.21827,0.07520
LTR,19117,0.10924,0.05703
LTR,1912,0.61172,0.40700
LTR,19132,0.19942,0.10175
LTR,19147,0.15713,0.23828
LTR,19177,0.09142,0.09302
LTR,19207,0.01873,0.03125
LTR,19222,0.42870,0.15680
LTR,19237,0.35186,0.35561
LTR,19252,0.38275,0.23047
LTR,19267,0.13831,0.03125
LTR,1927,0.26620,0.15977
LTR,19282,0.33954,0.29436
LTR,19297,0.04766,0.04647
LTR,19312,0.36005,0.13184
LTR,19327,0.10206,0.13300
LTR,19342,0.31527,0.16959
LTR,19357,0.21081,0.08750
LTR,19372,0.24148,0.20252
LTR,19387,0.05787,0.06844
LTR,19402,0.03949,0.05078
LTR,19417,0.15541,0.16258
LTR,1942,0.64522,0.30782
LTR,19432,0.05144,0.04590
LTR,19447,0.02074,0.03125
LTR,19462,0.48102,0.27593
LTR,19477,0.18688,0.03750
LTR,19492,0.08335,0.05078
LTR,19507,0.29988,0.29321
LTR,19522,0.60962,0.06451
LTR,19537,0.24219,0.12852
LTR,19552,0.03021,0.04297
LTR,19567,0.51905,0.22876
LTR,1957,0.14919,0.11011
LTR,19582,0.00000,0.00000
LTR,19597,0.07359,0.06844
LTR,19612,0.10573,0.15789
LTR,19627,0.63093,0.03125
LTR,19642,0.21332,0.07266
LTR,19657,0.77669,0.20767
LTR,19672,0.04105,0.03125
LTR,19687,0.46318,0.10645
LTR,19702,0.25472,0.25633
LTR,19717,0.38487,0.30644
LTR,1972,0.00000,0.00000
LTR,19732,0.11191,0.08472
LTR,19747,0.55315,0.26367
LTR,19762,0.10104,0.02083
LTR,19777,0.23037,0.07715
LTR,19792,0.02877,0.02734
LTR,19807,0.05012,0.10553
LTR,19822,0.27692,0.18746
LTR,19837,0.28135,0.24653
LTR,19852,0.07985,0.07422
LTR,19867,0.32777,0.18579
LTR,1987,0.00000,0.00000
LTR,19882,0.00000,0.00000
LTR,19897,0.28273,0.15659
LTR,19912,0.12342,0.14673
LTR,19927,0.01644,0.02083
LTR,19957,0.57642,0.30078
LTR,19972,0.16174,0.07715
LTR,19987,0.38523,0.24829
LTR,20002,0.00000,0.00000
LTR,20017,0.18483,0.13151
LTR,2002,0.26200,0.10606
LTR,20032,0.08460,0.09198
LTR,20047,0.40513,0.11876
LTR,20062,0.07878,0.13501
LTR,20077,0.06588,0.07266
LTR,20092,0.15508,0.20252
LTR,20107,0.38555,0.18001
LTR,20122,0.38399,0.20976
LTR,20137,0.14905,0.20731
LTR,20167,0.11276,0.05688
LTR,2017,0.33245,0.35004
LTR,20182,0.83281,0.29193
LTR,20197,0.58549,0.24787
LTR,202,0.00000,0.00000
LTR,20212,0.11598,0.11597
LTR,20227,0.36213,0.13300
LTR,20242,0.65567,0.40772
LTR,20257,0.50000,0.02083
LTR,20272,0.04406,0.07481
LTR,20287,0.07923,0.04297
LTR,20302,0.25193,0.18746
LTR,20317,0.08987,0.19766
LTR,2032,0.08753,0.13264
LTR,20332,0.19061,0.11583
LTR,20347,0.34247,0.27742
LTR,20362,0.05757,0.06250
LTR,20377,0.15554,0.13151
LTR,20392,0.00000,0.00000
LTR,20407,0.48799,0.44922
LTR,20422,0.00000,0.00000
LTR,20437,0.18270,0.13661
LTR,20452,0.03223,0.02734
LTR,20467,0.68642,0.23329
LTR,2047,0.16999,0.09334
LTR,20482,0.19842,0.07715
LTR,20497,0.48523,0.22559
LTR,20512,0.09347,0.07481
LTR,20527,0.03353,0.01562
LTR,20542,0.55944,0.24829
LTR,20557,0.16958,0.08203
LTR,20572,0.48517,0.17351
LTR,20587,0.32570,0.29193
LTR,20602,0.28343,0.24860
LTR,20617,0.42730,0.15278
LTR,2062,0.31920,0.12258
LTR,20632,0.09560,0.05599
LTR,20647,0.25290,0.15286
LTR,20677,0.01674,0.03125
LTR,20692,0.17654,0.06451
LTR,20707,0.07902,0.09180
LTR,20722,0.16655,0.15039
LTR,20752,0.38205,0.18262
LTR,20767,0.30775,0.09541
LTR,2077,0.03451,0.01250
LTR,20782,0.14225,0.28371
LTR,20797,0.06149,0.10606
LTR,20812,0.35991,0.18506
LTR,20842,0.07585,0.04647
LTR,20857,0.17929,0.14873
LTR,20872,0.40242,0.29462
LTR,20887,0.26594,0.13151
LTR,20902,0.26565,0.20699
LTR,20917,0.04762,0.05688
LTR,2092,0.23826,0.31331
LTR,20932,1.00000,0.13264
LTR,20947,0.81515,0.31960
LTR,20962,0.06468,0.11499
LTR,20977,0.00000,0.00000
LTR,20992,0.37167,0.18750
LTR,21007,0.35682,0.17384
LTR,21022,0.05784,0.07481
LTR,21052,0.38385,0.24860
LTR,21067,0.28695,0.20252
LTR,2107,0.32637,0.13062
LTR,21082,0.23464,0.02083
LTR,21097,0.39569,0.20443
LTR,21112,0.21827,0.09576
LTR,21127,0.14735,0.09375
LTR,21142,0.17574,0.20930
LTR,21157,0.09001,0.15039
LTR,21172,0.74295,0.30132
LTR,21187,0.51477,0.19304
LTR,21202,0.04543,0.04590
LTR,21217,0.31193,0.12041
LTR,2122,0.21957,0.23349
LTR,21232,0.05144,0.04590
LTR,21247,0.02203,0.03125
LTR,21262,0.36330,0.20196
LTR,21277,0.05240,0.10606
LTR,21292,0.09760,0.06250
LTR,21307,0.84208,0.23329
LTR,21322,0.88507,0.42252
LTR,21337,0.75045,0.23299
LTR,21352,0.63124,0.20196
LTR,21367,0.54251,0.48924
LTR,2137,0.21731,0.12476
LTR,21382,0.13417,0.12298
LTR,21397,0.17159,0.06177
LTR,21412,0.33045,0.13300
LTR,21427,0.29476,0.27180
LTR,21442,0.06935,0.01562
LTR,21457,0.24091,0.11011
LTR,21472,0.72273,0.11011
LTR,21487,0.13525,0.12476
LTR,21502,0.30079,0.03255
LTR,21517,0.28960,0.12298
LTR,2152,0.04174,0.05078
LTR,21532,0.22062,0.16929
LTR,21547,0.00000,0.00000
LTR,21562,0.72273,0.11011
LTR,21592,0.02353,0.03255
LTR,21607,0.03253,0.02083
LTR,21622,0.22959,0.31225
LTR,21637,0.22561,0.31466
LTR,21652,0.90262,0.33217
LTR,21667,0.04869,0.01562
LTR,2167,0.08703,0.01562
LTR,21682,0.12750,0.03125
LTR,21697,0.18476,0.25554
LTR,217,0.17403,0.20252
LTR,21712,0.54169,0.24146
LTR,21727,0.49352,0.26782
LTR,21742,0.00000,0.00000
LTR,21757,0.01873,0.03125
LTR,21772,0.00000,0.00000
LTR,21787,0.10026,0.03255
LTR,21802,0.48710,0.50737
LTR,21817,0.34519,0.04297
LTR,2182,0.09883,0.09302
LTR,21832,0.00000,0.00000
LTR,21847,0.58501,0.31049
LTR,21862,0.35222,0.29850
LTR,21877,0.51046,0.32529
LTR,21892,0.00000,0.00000
LTR,21907,0.67651,0.22943
LTR,21922,0.31920,0.12258
LTR,21937,0.07551,0.03750
LTR,21952,0.56124,0.52118
LTR,21967,0.15515,0.27582
LTR,2197,0.22474,0.13062
LTR,21982,0.24747,0.13216
LTR,21997,0.05653,0.02083
LTR,22,0.08134,0.05703
LTR,22012,0.49479,0.11583
LTR,22027,0.25718,0.12534
LTR,22042,0.67296,0.26334
LTR,22057,0.46308,0.27742
LTR,22072,0.19462,0.12109
LTR,22087,0.39569,0.20443
LTR,22102,0.36005,0.04590
LTR,22117,0.00000,0.00000
LTR,2212,0.21922,0.06250
LTR,22132,0.28149,0.26949
LTR,22147,0.04365,0.09576
LTR,22162,0.07824,0.11067
LTR,22177,0.37506,0.14192
LTR,22192,0.13573,0.11011
LTR,22207,0.73831,0.27399
LTR,22222,0.37354,0.37697
LTR,22237,0.84159,0.93750
LTR,22252,0.20568,0.04297
LTR,22267,0.78957,0.30885
LTR,2227,0.07603,0.09766
LTR,22282,0.27386,0.15565
LTR,22297,0.15860,0.11876
LTR,22312,0.24148,0.20252
LTR,22327,0.13164,0.02734
LTR,22342,0.17094,0.04590
LTR,22357,0.18584,0.08203
LTR,22372,0.51445,0.22474
LTR,22387,0.65567,0.40772
LTR,22402,0.04374,0.01250
LTR,22417,0.00000,0.00000
LTR,2242,0.40265,0.15789
LTR,22432,0.86879,0.33007
LTR,22462,0.03843,0.05688
LTR,22477,0.39506,0.23329
LTR,22492,0.33171,0.19766
LTR,22507,0.30429,0.50511
LTR,22522,0.08227,0.11239
LTR,22552,0.84287,0.70888
LTR,2257,0.47037,0.07422
LTR,22582,0.24668,0.24311
LTR,22597,0.08249,0.14453
LTR,22612,0.18496,0.20972
LTR,22627,0.02301,0.04297
LTR,22657,0.10314,0.23992
LTR,22672,0.29719,0.20972
LTR,22687,0.48347,0.29435
LTR,22702,0.07097,0.09766
LTR,22717,0.14286,0.13264
LTR,2272,0.08804,0.05078
LTR,22732,0.06667,0.13264
LTR,22747,0.10295,0.13264
LTR,22762,0.65814,0.55492
LTR,22777,0.06384,0.12258
LTR,22792,0.02423,0.02083
LTR,22807,0.33697,0.24787
LTR,22822,0.10145,0.17742
LTR,22837,0.26639,0.47404
LTR,22852,0.10961,0.02083
LTR,22867,0.14149,0.08813
LTR,2287,0.47200,0.15710
LTR,22882,0.34621,0.03255
LTR,22897,0.00000,0.00000
LTR,22912,0.57553,0.34642
LTR,22927,0.14481,0.20252
LTR,22942,0.20181,0.28516
LTR,22957,0.57553,0.34642
LTR,22972,0.85034,0.07422
LTR,22987,0.82204,0.94766
LTR,23002,0.18483,0.13151
LTR,23017,0.10703,0.04688
LTR,2302,0.00000,0.00000
LTR,23032,0.37301,0.24146
LTR,23047,0.36317,0.56920
LTR,23062,0.37305,0.24013
LTR,23077,0.63239,0.52151
LTR,23092,0.09914,0.09375
LTR,23107,0.27662,0.13924
LTR,23122,0.03680,0.07422
LTR,23137,0.01590,0.01562
LTR,23152,0.32637,0.13062
LTR,23167,0.14886,0.28399
LTR,2317,0.11220,0.15278
LTR,23182,0.00000,0.00000
LTR,23197,0.47473,0.12555
LTR,232,0.21827,0.07520
LTR,23212,0.53014,0.29579
LTR,23227,0.20208,0.06250
LTR,23242,0.00000,0.00000
LTR,23257,0.00000,0.00000
LTR,23272,0.20215,0.29579
LTR,23287,0.04051,0.06641
LTR,23302,0.22040,0.32193
LTR,2332,0.00000,0.00000
LTR,23332,0.03796,0.07715
LTR,23347,0.31803,0.23329
LTR,23362,0.05480,0.05078
LTR,23377,0.05653,0.02083
LTR,23392,0.00000,0.00000
LTR,23407,0.10295,0.13264
LTR,23422,0.38116,0.23438
LTR,23437,0.25767,0.14192
LTR,23452,0.09354,0.09576
LTR,23467,0.37413,0.10645
LTR,2347,0.29998,0.21492
LTR,23482,0.21761,0.17519
LTR,23497,0.34590,0.10059
LTR,23512,0.85734,0.30837
LTR,23527,0.40562,0.21492
LTR,23542,0.27998,0.20930
LTR,23557,0.23976,0.18239
LTR,23572,0.26907,0.22121
LTR,23587,0.18822,0.15039
LTR,23602,0.13343,0.08472
LTR,23617,0.17753,0.10376
LTR,2362,0.14910,0.08374
LTR,23632,0.06783,0.18750
LTR,23647,0.12575,0.27017
LTR,23662,0.13121,0.03750
LTR,23677,0.14701,0.16258
LTR,23692,0.45422,0.22241
LTR,23707,0.39482,0.20699
LTR,23722,0.78601,0.10606
LTR,23737,0.02301,0.04297
LTR,23752,0.68863,0.27180
LTR,23767,0.46166,0.15977
LTR,2377,0.13381,0.08203
LTR,23782,0.00000,0.00000
LTR,23797,0.20919,0.22526
LTR,23812,0.48102,0.22241
LTR,23827,0.27727,0.07734
LTR,23842,0.29608,0.03125
LTR,23857,0.12452,0.23828
LTR,23872,0.57393,0.53290
LTR,23887,0.00000,0.00000
LTR,23902,0.25772,0.10391
LTR,23917,0.11622,0.13264
LTR,23932,0.08645,0.17742
LTR,23947,0.61643,0.25034
LTR,23962,0.38325,0.24860
LTR,23977,0.18084,0.13501
LTR,23992,0.55315,0.09180
LTR,24022,0.51884,0.13643
LTR,24037,0.53490,0.22526
LTR,24052,0.06527,0.13062
LTR,24067,0.42097,0.19399
LTR,2407,0.53014,0.29579
LTR,24082,0.08470,0.09541
LTR,24097,0.03012,0.01250
LTR,24112,0.00000,0.00000
LTR,24127,0.00000,0.00000
LTR,24142,0.60722,0.53791
LTR,24157,0.41607,0.18750
LTR,24172,0.21576,0.09576
LTR,24187,0.63093,0.03125
LTR,24202,0.39482,0.20699
LTR,24217,0.46340,0.26334
LTR,2422,0.81515,0.31960
LTR,24232,0.10477,0.11583
LTR,24247,0.16667,0.12298
LTR,24262,0.20632,0.11876
LTR,24277,0.00000,0.00000
LTR,24292,0.08753,0.13264
LTR,24307,0.16004,0.14876
LTR,24322,0.44540,0.24587
LTR,24337,0.40936,0.28371
LTR,24352,0.26268,0.10645
LTR,24367,0.44149,0.05078
LTR,2437,0.76536,0.09180
LTR,24382,0.92604,0.27743
LTR,24397,0.91253,0.33552
LTR,24412,0.07114,0.11583
LTR,24427,0.21362,0.17122
LTR,24442,0.07817,0.03125
LTR,24457,0.02146,0.01562
LTR,24472,0.07817,0.03125
LTR,24487,0.00000,0.00000
LTR,24502,0.46585,0.22943
LTR,24517,0.02802,0.01562
LTR,2452,0.12750,0.03125
LTR,24532,0.17712,0.09541
LTR,24547,0.45967,0.33217
LTR,24562,0.06910,0.07422
LTR,24577,0.49853,0.49339
LTR,24592,0.14149,0.08813
LTR,24607,0.41982,0.21224
LTR,24622,0.22296,0.21492
LTR,24637,0.25092,0.24787
LTR,24652,0.13517,0.16929
LTR,24667,0.31557,0.06451
LTR,2467,0.94635,0.31331
LTR,24682,0.17027,0.24787
LTR,24697,0.13136,0.19804
LTR,247,0.35032,0.19922
LTR,24712,0.09242,0.02734
LTR,24727,0.14548,0.22943
LTR,24742,0.27897,0.16959
LTR,24757,0.09354,0.09576
LTR,24772,0.25084,0.13643
LTR,24787,0.43423,0.14673
LTR,24802,0.52896,0.23384
LTR,24817,0.09530,0.13151
LTR,2482,0.07268,0.11583
LTR,24847,0.32020,0.22770
LTR,24862,0.11881,0.20581
LTR,24877,0.52689,0.23299
LTR,24892,0.78601,0.10606
LTR,24907,0.88695,0.32529
LTR,24922,0.05896,0.07886
LTR,24937,0.55315,0.09180
LTR,24952,0.32958,0.09180
LTR,24967,0.68860,0.34642
LTR,2497,0.09736,0.15991
LTR,24982,0.23902,0.24587
LTR,24997,0.02700,0.03125
LTR,25012,0.40317,0.17791
LTR,25027,0.77389,0.24587
LTR,25042,0.07818,0.01250
LTR,25057,0.48350,0.30773
LTR,25072,0.17712,0.09541
LTR,25087,0.27034,0.05703
LTR,25102,0.83042,0.31473
LTR,25117,0.01516,0.01562
LTR,2512,0.07950,0.06177
LTR,25132,0.34263,0.23830
LTR,25147,0.00000,0.00000
LTR,25162,0.13121,0.01250
LTR,25177,0.10159,0.03125
LTR,25192,0.19069,0.13300
LTR,25207,0.39635,0.24311
LTR,25222,0.67296,0.26334
LTR,25237,0.15079,0.10606
LTR,25252,0.05358,0.03548
LTR,25267,0.37301,0.24146
LTR,2527,0.56346,0.20252
LTR,25282,0.12523,0.16626
LTR,25297,0.20015,0.22876
LTR,25312,0.03688,0.09180
LTR,25327,1.00000,0.33552
LTR,25342,0.38250,0.09375
LTR,25357,0.26407,0.01562
LTR,25372,0.47125,0.28843
LTR,25387,0.22208,0.17384
LTR,25402,0.20712,0.09297
LTR,25417,0.51861,0.38844
LTR,2542,0.18167,0.16625
LTR,25432,0.14977,0.12666
LTR,25447,0.24708,0.17351
LTR,25462,0.67891,0.53436
LTR,25477,0.46340,0.26334
LTR,25492,0.49767,0.30493
LTR,25507,0.23909,0.17805
LTR,25522,0.47624,0.47690
LTR,25552,0.05358,0.03548
LTR,25567,0.01143,0.01562
LTR,2557,0.39033,0.13501
LTR,25582,0.42857,0.34642
LTR,25597,0.48979,0.28371
LTR,25612,0.33916,0.18750
LTR,25627,0.10366,0.09180
LTR,25642,0.26215,0.19304
LTR,25657,0.02203,0.03125
LTR,25672,0.05358,0.03548
LTR,25687,0.38284,0.26060
LTR,25702,0.42730,0.17519
LTR,25717,0.31557,0.06451
LTR,2572,0.00000,0.00000
LTR,25732,0.23963,0.15039
LTR,25747,0.05653,0.12109
LTR,25762,0.12002,0.04590
LTR,25777,0.04793,0.01250
LTR,25792,0.19498,0.21006
LTR,25807,0.31753,0.05688
LTR,25822,0.07245,0.03548
LTR,25837,0.04374,0.01250
LTR,25852,0.22953,0.13264
LTR,25867,0.78785,0.26367
LTR,2587,0.63293,0.21633
LTR,25897,0.42449,0.20736
LTR,25912,0.50624,0.06844
LTR,25927,0.14278,0.18746
LTR,25942,0.24153,0.08203
LTR,25957,0.30079,0.11499
LTR,25987,0.19533,0.16626
LTR,26002,0.24333,0.18793
LTR,26017,0.13493,0.14873
LTR,2602,0.60431,0.20930
LTR,26032,0.13121,0.03750
LTR,26062,0.44308,0.29579
LTR,26077,0.06121,0.12041
LTR,26092,0.25245,0.21492
LTR,26107,0.28821,0.27742
LTR,26122,0.11506,0.04297
LTR,26137,0.47037,0.07422
LTR,26152,0.34947,0.12666
LTR,26167,0.24592,0.17519
LTR,2617,0.04875,0.03548
LTR,26182,0.42080,0.15195
LTR,26197,0.26575,0.29435
LTR,262,0.49536,0.14009
LTR,26212,0.00000,0.00000
LTR,26227,0.18017,0.18579
LTR,26242,0.08703,0.01562
LTR,26257,0.12750,0.03125
LTR,26272,0.16256,0.12258
LTR,26287,0.10477,0.16625
LTR,26302,0.31823,0.21006
LTR,26317,0.02517,0.01250
LTR,2632,0.00000,0.00000
LTR,26332,0.06063,0.07481
LTR,26347,0.17279,0.24829
LTR,26362,0.07354,0.06177
LTR,26377,0.25628,0.26367
LTR,26392,0.42080,0.15195
LTR,26407,0.26565,0.20699
LTR,26422,0.10464,0.08813
LTR,26437,0.52896,0.23384
LTR,26452,0.17966,0.14453
LTR,26467,0.03392,0.06250
LTR,2647,0.00000,0.00000
LTR,26482,0.43071,0.15710
LTR,26497,0.00000,0.00000
LTR,26512,0.12891,0.09297
LTR,26527,0.05924,0.05078
LTR,26542,0.07268,0.11583
LTR,26557,0.00000,0.00000
LTR,26572,0.12263,0.16797
LTR,26587,0.37419,0.14192
LTR,26602,0.09242,0.02734
LTR,26617,0.27356,0.30493
LTR,2662,0.11740,0.09198
LTR,26632,0.64240,0.13216
LTR,26647,0.28960,0.12298
LTR,26662,0.27681,0.11583
LTR,26677,0.38800,0.20252
LTR,26692,0.21639,0.12020
LTR,26707,0.31736,0.12298
LTR,26722,0.22358,0.23299
LTR,26737,0.26620,0.15977
LTR,26752,0.05365,0.01250
LTR,26767,0.30738,0.16625
LTR,2677,0.50003,0.18020
LTR,26782,0.65682,0.26949
LTR,26797,0.00000,0.00000
LTR,26812,0.21702,0.18218
LTR,26827,0.52963,0.17548
LTR,26842,0.75374,0.44225
LTR,26857,0.24065,0.12666
LTR,26872,0.39569,0.20443
LTR,26887,0.22756,0.12534
LTR,26902,0.27395,0.18579
LTR,26917,0.18210,0.05078
LTR,2692,0.33045,0.13300
LTR,26932,0.17130,0.21492
LTR,26947,0.23976,0.24829
LTR,26962,0.06016,0.11499
LTR,26977,0.59826,0.33007
LTR,26992,0.13572,0.21395
LTR,27007,0.21658,0.06451
LTR,27022,0.37506,0.14192
LTR,27037,0.05536,0.11583
LTR,27052,0.10104,0.02083
LTR,27067,0.04365,0.09576
LTR,2707,0.15102,0.01250
LTR,27082,0.09161,0.05078
LTR,27097,0.91297,0.23769
LTR,27112,0.28149,0.26949
LTR,27127,0.16276,0.16626
LTR,27142,0.44994,0.28516
LTR,27157,0.16479,0.29435
LTR,27172,0.11103,0.08374
LTR,27187,0.17725,0.07715
LTR,27217,0.13121,0.01250
LTR,2722,0.00000,0.00000
LTR,27232,0.26169,0.09302
LTR,27247,0.18234,0.25157
LTR,27262,0.74088,0.30063
LTR,27277,0.00000,0.00000
LTR,27292,0.33333,0.13264
LTR,27307,0.23316,0.11876
LTR,27322,0.39482,0.18218
LTR,27337,0.06495,0.06177
LTR,27352,0.64319,0.27319
LTR,27367,0.51386,0.44922
LTR,2737,0.08949,0.06844
LTR,27382,0.27518,0.20573
LTR,27397,0.12825,0.11583
LTR,27412,0.36425,0.23384
LTR,27427,0.57337,0.20699
LTR,27442,0.20919,0.16121
LTR,27457,0.05365,0.01250
LTR,27472,0.14286,0.13264
LTR,27487,0.16102,0.06250
LTR,27502,0.41982,0.21224
LTR,27517,0.11506,0.04297
LTR,2752,0.07376,0.12020
LTR,27532,0.45422,0.22241
LTR,27547,0.42955,0.26823
LTR,27562,0.09734,0.15565
LTR,27577,0.14853,0.23769
LTR,27592,0.32777,0.18579
LTR,27607,0.06471,0.12298
LTR,27622,0.06932,0.07715
LTR,27637,0.03892,0.02083
LTR,27652,0.17982,0.08472
LTR,27667,0.08435,0.13216
LTR,2767,0.09486,0.10553
LTR,27682,0.38685,0.01250
LTR,27697,0.04818,0.11011
LTR,277,0.83479,0.22876
LTR,27712,0.00000,0.00000
LTR,27727,0.17147,0.30837
LTR,27742,0.16958,0.02083
LTR,27757,0.14689,0.09302
LTR,27772,0.11506,0.04297
LTR,27787,0.17539,0.20252
LTR,27802,0.10058,0.23372
LTR,27817,0.12927,0.05599
LTR,2782,0.28695,0.20252
LTR,27832,0.40654,0.25157
LTR,27847,0.60546,0.46875
LTR,27862,0.19955,0.29193
LTR,27877,0.70945,0.13300
LTR,27892,0.25084,0.13643
LTR,27907,0.14992,0.22479
LTR,27922,0.13350,0.15485
LTR,27937,0.16975,0.13264
LTR,27952,0.00000,0.00000
LTR,27967,0.19496,0.15195
LTR,2797,0.22149,0.38145
LTR,27982,0.85734,0.30837
LTR,27997,0.12697,0.09180
LTR,28012,0.36898,0.08374
LTR,28027,0.23770,0.12422
LTR,28042,0.28384,0.49473
LTR,28057,0.15018,0.13329
LTR,28072,0.52963,0.06451
LTR,28087,0.23167,0.18020
LTR,28102,0.08237,0.06250
LTR,28117,0.16585,0.12555
LTR,28132,0.14748,0.12298
LTR,28147,0.04374,0.01250
LTR,28162,0.17299,0.07886
LTR,28177,0.10206,0.13300
LTR,28207,0.20000,0.34642
LTR,28222,0.59251,0.06177
LTR,28237,0.38130,0.09302
LTR,28252,0.04600,0.04647
LTR,28267,0.00000,0.00000
LTR,2827,0.07133,0.03125
LTR,28282,0.10365,0.09766
LTR,28297,0.04859,0.06451
LTR,28312,0.58549,0.24787
LTR,28327,0.05336,0.01562
LTR,28342,0.07358,0.05078
LTR,28357,0.59038,0.25157
LTR,28372,0.16958,0.02083
LTR,28387,0.15397,0.29579
LTR,28402,0.11506,0.04297
LTR,28417,0.12104,0.02083
LTR,2842,0.10104,0.02083
LTR,28432,0.40714,0.31272
LTR,28447,0.54779,0.16959
LTR,28462,0.00000,0.00000
LTR,28477,0.08614,0.13329
LTR,28492,0.42857,0.34642
LTR,28507,0.12927,0.05599
LTR,28522,0.18088,0.10645
LTR,28537,0.11130,0.12258
LTR,28552,0.51279,0.50430
LTR,28567,0.23304,0.18746
LTR,2857,0.32958,0.09180
LTR,28582,0.04869,0.01562
LTR,28597,0.04841,0.09180
LTR,28612,0.32570,0.29193
LTR,28627,0.19131,0.16625
LTR,28642,0.21803,0.23828
LTR,28657,0.00000,0.00000
LTR,28672,0.10666,0.13264
LTR,28687,0.37877,0.45288
LTR,28702,0.54370,0.30885
LTR,28717,0.22272,0.14873
LTR,2872,0.17753,0.10376
LTR,28732,0.26215,0.19304
LTR,28747,0.03223,0.02734
LTR,28762,0.06826,0.09302
LTR,28777,0.00000,0.00000
LTR,28792,0.04218,0.01562
LTR,28807,0.44685,0.15001
LTR,28822,0.29295,0.11011
LTR,28837,0.27053,0.20196
LTR,28852,0.03012,0.01250
LTR,28867,0.29329,0.28843
LTR,2887,0.14459,0.07886
LTR,28882,0.00000,0.00000
LTR,28897,0.60625,0.18750
LTR,28912,0.03983,0.03548
LTR,28927,0.13070,0.05703
LTR,28942,0.31180,0.24013
LTR,28957,0.03372,0.07422
LTR,28972,1.00000,0.93750
LTR,29002,0.21453,0.04590
LTR,29017,0.43467,0.20196
LTR,2902,0.34957,0.23329
LTR,29032,0.10477,0.16625
LTR,29047,0.22028,0.07481
LTR,29062,0.22150,0.19383
LTR,29077,0.22433,0.31331
LTR,29092,0.65401,0.22479
LTR,29107,0.12289,0.12298
LTR,29122,0.19679,0.22479
LTR,29137,0.23663,0.23769
LTR,29152,0.03892,0.02083
LTR,29167,0.35608,0.29462
LTR,2917,0.09776,0.10278
LTR,29182,0.32343,0.22047
LTR,29197,0.55656,0.24860
LTR,292,0.44244,0.28156
LTR,29212,0.41093,0.32529
LTR,29227,0.57337,0.20699
LTR,29242,0.39206,0.29579
LTR,29257,0.03057,0.03125
LTR,29287,0.10223,0.11011
LTR,29302,0.19717,0.08750
LTR,29317,0.05123,0.09576
LTR,2932,0.51046,0.32529
LTR,29332,0.06681,0.12041
LTR,29347,0.07680,0.07481
LTR,29362,0.16621,0.13062
LTR,29377,1.00000,0.06250
LTR,29392,0.59037,0.30837
LTR,29407,0.08734,0.14101
LTR,29422,0.31372,0.31738
LTR,29437,0.11721,0.16625
LTR,29452,0.40892,0.13264
LTR,29467,0.34107,0.17742
LTR,2947,0.67651,0.22943
LTR,29482,0.10128,0.02734
LTR,29497,0.23370,0.20767
LTR,29512,0.20253,0.06641
LTR,29527,0.32146,0.20196
LTR,29542,0.11915,0.19057
LTR,29557,0.51075,0.23769
LTR,29572,0.18163,0.12476
LTR,29587,0.90728,0.26367
LTR,29602,0.27727,0.02734
LTR,29617,0.38684,0.33217
LTR,2962,0.30356,0.25647
LTR,29632,0.20919,0.22526
LTR,29647,0.30886,0.34642
LTR,29662,0.26647,0.14873
LTR,29677,0.20659,0.27856
LTR,29692,0.93578,0.32505
LTR,29707,0.24854,0.06478
LTR,29722,0.01131,0.02083
LTR,29737,0.55085,0.42252
LTR,29752,0.32035,0.08472
LTR,29767,0.08050,0.11583
LTR,2977,0.12609,0.04297
LTR,29782,0.12426,0.08203
LTR,29797,0.13865,0.08984
LTR,29812,0.08645,0.17742
LTR,29827,0.33812,0.31513
LTR,29842,0.47037,0.21797
LTR,29857,0.00000,0.00000
LTR,29872,0.13521,0.27017
LTR,29887,0.33916,0.06250
LTR,29902,0.05170,0.07481
LTR,29917,0.27727,0.15789
LTR,2992,0.00000,0.00000
LTR,29932,0.38698,0.14873
LTR,29947,0.36428,0.13643
LTR,29962,0.42080,0.15195
LTR,29977,0.05354,0.10278
LTR,29992,0.00000,0.00000
LTR,3007,0.09802,0.07715
LTR,3022,0.36806,0.30493
LTR,3037,0.34549,0.25633
LTR,3052,0.18467,0.19973
LTR,3067,0.12562,0.07520
LTR,307,0.26413,0.16626
LTR,3082,0.90786,0.93828
LTR,3097,0.32429,0.20252
LTR,3112,0.26407,0.01562
LTR,3127,0.12635,0.14873
LTR,3142,0.42836,0.28399
LTR,3157,0.24153,0.06250
LTR,3172,0.15022,0.27593
LTR,3187,0.25908,0.06844
LTR,3202,0.12697,0.09180
LTR,3217,0.42817,0.18571
LTR,322,0.06312,0.12476
LTR,3232,0.16589,0.08984
LTR,3247,0.32883,0.06250
LTR,3262,0.16102,0.06250
LTR,3277,0.30534,0.14873
LTR,3292,0.19484,0.22479
LTR,3307,0.54176,0.24013
LTR,3322,0.21639,0.12020
LTR,3337,0.00000,0.00000
LTR,3352,0.54119,0.46364
LTR,3367,0.06468,0.11499
LTR,337,0.00000,0.00000
LTR,3382,0.56068,0.47577
LTR,3397,0.24592,0.17519
LTR,3412,0.00000,0.00000
LTR,3427,0.13787,0.16625
LTR,3442,1.00000,0.34642
LTR,3457,0.04912,0.03125
LTR,3472,0.38290,0.19766
LTR,3487,0.43226,0.17742
LTR,3502,0.04118,0.04590
LTR,3517,0.00000,0.00000
LTR,352,0.30443,0.23384
LTR,3532,0.17635,0.11597
LTR,3547,0.01131,0.02083
LTR,3562,0.10897,0.09375
LTR,3577,0.26113,0.08472
LTR,3592,0.12985,0.15565
LTR,3607,0.47360,0.27180
LTR,3622,0.21399,0.09375
LTR,3637,0.02427,0.02734
LTR,3652,0.04869,0.01562
LTR,3667,0.00000,0.00000
LTR,367,0.48517,0.17351
LTR,3682,0.11338,0.02734
LTR,3697,0.17635,0.11597
LTR,37,0.16007,0.04688
LTR,3712,0.20286,0.26949
LTR,3727,0.31565,0.12323
LTR,3742,0.18273,0.04647
LTR,3757,0.85734,0.30837
LTR,3772,0.15679,0.07422
LTR,3787,0.20712,0.09297
LTR,3802,0.16174,0.07715
LTR,3817,0.21766,0.27089
LTR,382,0.51252,0.28399
LTR,3832,0.66084,0.22149
LTR,3847,0.17982,0.08472
LTR,3862,0.63093,0.03125
LTR,3877,0.15118,0.10645
LTR,3892,0.09390,0.09180
LTR,3907,0.00000,0.00000
LTR,3922,0.91972,0.08203
LTR,3937,0.01088,0.01562
LTR,3952,0.59826,0.33007
LTR,3967,0.17299,0.07886
LTR,3982,0.18579,0.27192
LTR,3997,0.60045,0.40375
LTR,4012,0.19867,0.12422
LTR,4027,0.08407,0.04688
LTR,4042,0.04254,0.03255
LTR,4057,0.03136,0.07422
LTR,4072,0.52838,0.15710
LTR,4087,0.12277,0.09302
LTR,4102,0.28695,0.20252
LTR,4117,0.47599,0.18579
LTR,412,0.00000,0.00000
LTR,4132,0.08634,0.10278
LTR,4147,0.00000,0.00000
LTR,4162,0.52963,0.19973
LTR,4177,0.00000,0.00000
LTR,4192,0.65481,0.26923
LTR,4207,0.11557,0.14192
LTR,4222,0.16521,0.02734
LTR,4237,0.01674,0.03125
LTR,4252,0.16958,0.06250
LTR,4267,0.52689,0.23299
LTR,427,0.70210,0.29435
LTR,4297,0.18438,0.09180
LTR,4312,0.15325,0.28474
LTR,4327,0.45506,0.19559
LTR,4342,0.24091,0.11011
LTR,4357,0.66084,0.22149
LTR,4372,0.32876,0.28172
LTR,4387,0.00000,0.00000
LTR,4402,0.16958,0.06250
LTR,4417,0.53386,0.18299
LTR,442,0.72273,0.30493
LTR,4432,0.93771,0.28710
LTR,4447,0.26095,0.15309
LTR,4462,0.24426,0.09766
LTR,4477,0.45918,0.22479
LTR,4492,0.33333,0.13264
LTR,4507,0.07133,0.03125
LTR,4522,0.31222,0.26223
LTR,4537,0.12269,0.11011
LTR,4552,0.22812,0.10278
LTR,4567,0.00000,0.00000
LTR,457,0.00000,0.00000
LTR,4582,0.09014,0.12298
LTR,4597,0.29199,0.18218
LTR,4612,0.42433,0.34642
LTR,4627,0.26142,0.22241
LTR,4642,0.49126,0.15659
LTR,4657,0.30497,0.38647
LTR,4672,0.55991,0.18001
LTR,4687,0.06429,0.09180
LTR,4702,0.25581,0.27192
LTR,4717,0.27224,0.12020
LTR,472,0.75211,0.26223
LTR,4732,0.20804,0.06250
LTR,4747,0.15310,0.13300
LTR,4762,0.19520,0.18750
LTR,4777,0.21362,0.17122
LTR,4792,0.11305,0.06250
LTR,4807,0.00000,0.00000
LTR,4822,0.19083,0.07481
LTR,4852,0.64553,0.46387
LTR,4867,0.01746,0.03125
LTR,487,0.60648,0.51027
LTR,4882,0.23120,0.13924
LTR,4897,0.02487,0.03125
LTR,4912,0.14079,0.14009
LTR,4927,0.38301,0.33217
LTR,4942,0.12289,0.12298
LTR,4957,0.19320,0.23413
LTR,4972,0.06122,0.07715
LTR,4987,0.15169,0.07481
LTR,5002,0.06347,0.09576
LTR,5017,0.08634,0.10278
LTR,502,0.04869,0.01562
LTR,5032,0.48307,0.18750
LTR,5047,0.34860,0.10376
LTR,5062,0.64691,0.26502
LTR,5077,0.01131,0.02083
LTR,5092,0.19462,0.12109
LTR,5107,0.26972,0.17548
LTR,5122,0.14286,0.11067
LTR,5137,0.12285,0.16625
LTR,5152,0.07587,0.05688
LTR,5167,0.61315,0.06250
LTR,517,0.11617,0.10278
LTR,5182,0.13049,0.13264
LTR,5197,0.04739,0.09180
LTR,52,0.37735,0.22754
LTR,5212,0.39569,0.20443
LTR,5227,0.10026,0.03255
LTR,5242,0.36228,0.30054
LTR,5257,0.73955,0.54752
LTR,5272,0.65345,0.95443
LTR,5302,0.44546,0.26502
LTR,5317,0.33916,0.06250
LTR,532,0.28464,0.12041
LTR,5332,0.66230,0.49872
LTR,5347,0.01866,0.01250
LTR,5362,0.22773,0.20443
LTR,5377,0.04105,0.03125
LTR,5392,0.63668,0.09180
LTR,5407,0.37167,0.18750
LTR,5422,0.01698,0.01562
LTR,5437,0.09283,0.12258
LTR,5452,0.00000,0.00000
LTR,5467,0.07133,0.03125
LTR,547,1.00000,0.13264
LTR,5482,0.38385,0.24860
LTR,5497,0.13189,0.09541
LTR,5512,0.23074,0.18746
LTR,5527,0.54494,0.28335
LTR,5542,0.06965,0.09302
LTR,5557,0.59826,0.33007
LTR,5572,0.52689,0.23299
LTR,5587,0.04694,0.09576
LTR,5602,0.61308,0.26223
LTR,5617,0.18273,0.04647
LTR,562,0.38685,0.03125
LTR,5632,0.09776,0.10278
LTR,5647,0.09035,0.03750
LTR,5662,0.40562,0.28200
LTR,5677,0.32570,0.29193
LTR,5692,0.49785,0.41179
LTR,5707,0.70210,0.29435
LTR,5722,0.12908,0.03548
LTR,5737,0.52894,0.22138
LTR,5752,0.00000,0.00000
LTR,5767,0.16876,0.15565
LTR,577,0.07785,0.06250
LTR,5782,0.09159,0.10645
LTR,5797,0.15102,0.01250
LTR,5812,0.19499,0.19766
LTR,5827,0.12928,0.25633
LTR,5842,0.26800,0.30381
LTR,5857,0.05154,0.10391
LTR,5872,0.55117,0.14873
LTR,5887,0.35840,0.22241
LTR,5902,0.62837,0.33552
LTR,5917,0.52689,0.23299
LTR,592,0.04455,0.05703
LTR,5932,0.08750,0.03125
LTR,5947,0.00000,0.00000
LTR,5962,0.22296,0.21492
LTR,5977,0.59758,0.20767
LTR,5992,0.63579,0.16625
LTR,6007,0.53000,0.11841
LTR,6022,0.00000,0.00000
LTR,6037,0.24998,0.10278
LTR,6052,0.15401,0.13151
LTR,6067,0.37558,0.18579
LTR,607,0.20322,0.25562
LTR,6082,0.60625,0.18750
LTR,6097,0.00000,0.00000
LTR,6112,0.42730,0.15278
LTR,6127,0.02480,0.01562
LTR,6142,0.26200,0.10606
LTR,6157,0.38357,0.16626
LTR,6172,0.37167,0.18750
LTR,6187,0.01428,0.01250
LTR,6202,0.43071,0.15710
LTR,6217,0.10026,0.03255
LTR,622,0.33380,0.09334
LTR,6232,0.13787,0.16625
LTR,6247,0.12697,0.09180
LTR,6262,0.18373,0.15680
LTR,6277,0.22953,0.11067
LTR,6292,0.36581,0.30885
LTR,6307,0.16049,0.10553
LTR,6322,0.49662,0.19800
LTR,6337,0.02026,0.01250
LTR,6352,0.10612,0.09180
LTR,6367,0.10239,0.11068
LTR,637,0.22474,0.13062
LTR,6382,0.31030,0.47837
LTR,6397,0.46139,0.52657
LTR,6412,0.11988,0.23769
LTR,6427,0.07671,0.14453
LTR,6442,1.00000,0.06250
LTR,6457,0.26734,0.22615
LTR,6472,0.01856,0.01250
LTR,6487,0.21332,0.09302
LTR,6502,0.02474,0.04297
LTR,6517,0.16958,0.06250
LTR,652,0.13129,0.10278
LTR,6532,0.13732,0.18481
LTR,6547,0.18034,0.12852
LTR,6562,0.51075,0.23769
LTR,6577,0.05792,0.12298
LTR,6592,0.23009,0.19800
LTR,6607,0.04929,0.05599
LTR,6622,0.12040,0.06844
LTR,6637,0.21980,0.12258
LTR,6652,0.08441,0.07715
LTR,6667,0.19151,0.12534
LTR,667,0.05223,0.08472
LTR,6682,0.59037,0.30837
LTR,6697,0.35902,0.22615
LTR,67,0.22773,0.20443
LTR,6712,0.13865,0.11011
LTR,6727,0.15397,0.29579
LTR,6742,0.11305,0.06250
LTR,6757,0.69921,0.10553
LTR,6772,0.62876,0.27017
LTR,6787,0.10236,0.18579
LTR,6802,0.46181,0.35731
LTR,6817,0.02802,0.01562
LTR,682,0.22727,0.16870
LTR,6832,0.04453,0.06250
LTR,6847,0.45229,0.26949
LTR,6862,0.26493,0.15412
LTR,6877,0.04869,0.01562
LTR,6892,0.00000,0.00000
LTR,6907,0.36133,0.22121
LTR,6922,0.33916,0.18750
LTR,6937,0.34352,0.27192
LTR,6952,0.48811,0.22526
LTR,6967,0.28960,0.12298
LTR,697,0.86879,0.33007
LTR,6982,0.76646,0.31164
LTR,6997,0.12697,0.09180
LTR,7,0.05383,0.11011
LTR,7012,0.27694,0.28815
LTR,7027,0.08063,0.11011
LTR,7042,0.36743,0.30837
LTR,7057,0.17620,0.08750
LTR,7072,0.27283,0.19548
LTR,7087,0.30079,0.11499
LTR,7102,0.39113,0.14583
LTR,7117,0.16266,0.12109
LTR,712,0.13950,0.09198
LTR,7132,0.12501,0.19766
LTR,7147,0.02480,0.01562
LTR,7162,0.02227,0.01250
LTR,7177,0.06507,0.06250
LTR,7192,0.77389,0.24587
LTR,7207,0.80766,0.28710
LTR,7222,0.01655,0.01250
LTR,7237,0.01746,0.02083
LTR,7252,0.23464,0.02083
LTR,7267,0.51477,0.16929
LTR,727,0.07133,0.03125
LTR,7282,0.24374,0.14673
LTR,7297,0.04587,0.09302
LTR,7312,0.27541,0.06250
LTR,7327,0.11622,0.13264
LTR,7342,0.18438,0.09180
LTR,7357,0.34673,0.12109
LTR,7372,0.11863,0.11583
LTR,7387,0.13193,0.08374
LTR,7402,0.09242,0.02734
LTR,7417,0.04506,0.06177
LTR,742,0.29256,0.15991
LTR,7432,0.36247,0.30016
LTR,7447,0.24091,0.11011
LTR,7462,0.00000,0.00000
LTR,7477,0.11103,0.08374
LTR,7492,0.88695,0.32529
LTR,7507,0.33132,0.13300
LTR,7522,0.15444,0.18020
LTR,7537,0.60029,0.25633
LTR,7552,0.03892,0.02083
LTR,7567,0.06507,0.06250
LTR,757,0.00000,0.00000
LTR,7582,0.56644,0.15565
LTR,7597,0.07923,0.04297
LTR,7612,0.18024,0.23329
LTR,7627,0.05653,0.02083
LTR,7642,0.05798,0.05599
LTR,7657,0.04374,0.01250
LTR,7672,0.85393,0.32505
LTR,7687,0.91253,0.33552
LTR,7702,0.34263,0.23830
LTR,7717,0.00000,0.00000
LTR,772,0.01131,0.02083
LTR,7732,0.21919,0.18610
LTR,7747,0.22953,0.13264
LTR,7762,0.29470,0.33217
LTR,7777,0.63668,0.09180
LTR,7792,0.12762,0.07715
LTR,7807,0.22812,0.10278
LTR,7822,0.05792,0.12298
LTR,7837,0.29901,0.25223
LTR,7852,0.04027,0.06177
LTR,7867,0.25912,0.10645
LTR,787,0.37305,0.17220
LTR,7882,0.26268,0.10645
LTR,7897,0.23852,0.24860
LTR,7912,0.75996,0.29193
LTR,7927,0.06622,0.04297
LTR,7942,0.07818,0.01250
LTR,7957,0.07196,0.08203
LTR,7972,0.61027,0.44655
LTR,7987,0.11161,0.11011
LTR,8002,0.18086,0.12020
LTR,8017,0.08332,0.14638
LTR,802,0.85393,0.12041
LTR,8032,0.48982,0.32230
LTR,8047,0.78957,0.30885
LTR,8062,0.04355,0.04297
LTR,8077,0.42640,0.30063
LTR,8092,0.04912,0.03125
LTR,8107,0.05973,0.01562
LTR,8122,0.28901,0.26823
LTR,8137,0.03922,0.02734
LTR,8152,0.02487,0.03125
LTR,8167,0.17535,0.23372
LTR,817,0.27859,0.15649
LTR,8182,0.05653,0.02083
LTR,8197,0.05106,0.03255
LTR,82,0.29559,0.20229
LTR,8212,0.05253,0.09766
LTR,8227,0.55248,0.24653
LTR,8242,0.45237,0.28934
LTR,8257,0.08416,0.12852
LTR,8272,0.76990,0.15710
LTR,8287,0.08044,0.08813
LTR,8302,0.55315,0.26367
LTR,8317,0.66084,0.22149
LTR,832,0.46011,0.14192
LTR,8332,0.02087,0.01562
LTR,8347,0.05990,0.10278
LTR,8362,0.48523,0.22559
LTR,8377,0.11694,0.18746
LTR,8392,0.00000,0.00000
LTR,8407,0.09142,0.09302
LTR,8437,0.93294,0.53766
LTR,8452,0.39628,0.33205
LTR,8467,0.07474,0.12041
LTR,847,0.13947,0.06641
LTR,8482,0.21430,0.12852
LTR,8497,0.04365,0.09576
LTR,8512,0.14401,0.12996
LTR,8527,0.15173,0.15659
LTR,8542,0.11120,0.13184
LTR,8557,0.02301,0.04297
LTR,8572,0.03275,0.05688
LTR,8587,0.44473,0.47929
LTR,8602,0.50322,0.31225
LTR,8617,0.16575,0.20196
LTR,862,0.12388,0.05078
LTR,8632,0.00875,0.01250
LTR,8647,0.17764,0.22943
LTR,8662,0.32995,0.29579
LTR,8677,0.19184,0.13264
LTR,8692,0.15079,0.08472
LTR,8707,0.02005,0.03255
LTR,8722,0.15931,0.11583
LTR,8737,0.02688,0.02734
LTR,8752,0.16382,0.12041
LTR,8767,0.19301,0.14638
LTR,877,0.18619,0.22943
LTR,8782,0.00000,0.00000
LTR,8797,0.41946,0.17122
LTR,8812,0.00000,0.00000
LTR,8827,0.33962,0.29720
LTR,8842,0.03892,0.02083
LTR,8857,0.18086,0.12020
LTR,8872,0.28388,0.50596
LTR,8887,0.00000,0.00000
LTR,8902,0.05238,0.06250
LTR,8917,0.07164,0.08813
LTR,892,0.55315,0.26367
LTR,8932,0.42857,0.28062
LTR,8947,0.25906,0.08374
LTR,8962,0.16096,0.03750
LTR,8977,0.17299,0.07886
LTR,8992,0.15679,0.07422
LTR,9022,0.03575,0.04688
LTR,9037,0.16962,0.07430
LTR,9052,0.07494,0.07715
LTR,9067,0.30657,0.02083
LTR,907,0.86879,0.33007
LTR,9082,0.43062,0.11011
LTR,9097,0.28149,0.26949
LTR,9112,0.32839,0.24587
LTR,9127,0.29223,0.22478
LTR,9142,0.38800,0.20252
LTR,9157,0.09981,0.10286
LTR,9172,0.04661,0.10553
LTR,9187,0.30886,0.29461
LTR,9202,0.00000,0.00000
LTR,9217,0.00000,0.00000
LTR,922,0.45335,0.28710
LTR,9232,0.23174,0.26689
LTR,9247,0.44170,0.13184
LTR,9262,0.15169,0.07481
LTR,9277,0.02261,0.06250
LTR,9292,0.41194,0.25554
LTR,9307,1.00000,0.34642
LTR,9322,0.10364,0.17384
LTR,9337,1.00000,0.34642
LTR,9352,0.42857,0.34642
LTR,9367,0.16361,0.15485
LTR,937,0.76987,0.29579
LTR,9382,0.16102,0.06250
LTR,9397,1.00000,0.11011
LTR,9412,0.21416,0.11841
LTR,9427,0.39180,0.39598
LTR,9442,0.38529,0.11068
LTR,9457,0.34313,0.11011
LTR,9472,0.22880,0.18299
LTR,9487,0.03432,0.06177
LTR,9502,0.21934,0.15710
LTR,9517,0.34908,0.18907
LTR,952,0.54631,0.16626
LTR,9532,0.11694,0.18746
LTR,9547,1.00000,0.93750
LTR,9562,0.05953,0.11583
LTR,9577,1.00000,0.11011
LTR,9592,0.16266,0.12109
LTR,9607,0.18628,0.11068
LTR,9622,0.19100,0.14192
LTR,9637,0.81515,0.31960
LTR,9652,0.14286,0.13264
LTR,9667,0.35032,0.23828
LTR,967,0.45578,0.30078
LTR,9682,0.68642,0.23329
LTR,9697,0.25084,0.13643
LTR,97,0.09174,0.13264
LTR,9712,0.33511,0.30054
LTR,9727,0.42730,0.15278
LTR,9742,0.35998,0.20602
LTR,9757,0.03235,0.07715
LTR,9772,0.01131,0.02083
LTR,9787,0.72623,0.18750
LTR,9802,0.25691,0.16625
LTR,9817,0.32848,0.36360
LTR,982,0.85393,0.32505
LTR,9832,0.36762,0.18299
LTR,9847,0.07529,0.11011
LTR,9862,0.69985,0.30687
LTR,9877,0.04728,0.06844
LTR,9892,0.58503,0.18299
LTR,9907,0.00000,0.00000
LTR,9922,0.32876,0.28172
LTR,9937,0.51655,0.95297
LTR,9952,0.18303,0.24927
LTR,9967,0.19939,0.21289
LTR,997,0.05529,0.04688
LTR,9982,0.24995,0.21492
LTR,9997,0.43068,0.01562
