runid,topic,ndcg@5,err@5
LTR,10012,0.70729,0.20443
LTR,10027,0.70634,0.95409
LTR,10042,0.49767,0.30493
LTR,10057,0.78441,0.71093
LTR,10072,0.55085,0.42252
LTR,10087,0.67193,0.95378
LTR,10102,0.53436,0.40072
LTR,10117,0.39008,0.37491
LTR,1012,0.33958,0.11583
LTR,10132,0.27392,0.09198
LTR,10147,0.45730,0.94583
LTR,10162,0.70210,0.29435
LTR,10177,0.17043,0.28951
LTR,10192,0.82864,0.56261
LTR,10207,0.78601,0.28934
LTR,10222,0.46914,0.31960
LTR,10237,0.00000,0.00000
LTR,10252,0.46308,0.27742
LTR,10267,0.15931,0.11583
LTR,1027,0.41013,0.28474
LTR,10282,0.46526,0.95249
LTR,10297,0.34860,0.10376
LTR,10312,0.46166,0.15977
LTR,10327,0.37419,0.14192
LTR,10342,0.54211,0.94325
LTR,10357,0.68860,0.34642
LTR,10372,0.08046,0.11597
LTR,10387,0.00000,0.00000
LTR,10402,0.41819,0.33217
LTR,10417,0.48745,0.34124
LTR,1042,0.35652,0.51147
LTR,10432,0.32194,0.38355
LTR,10447,0.65562,0.55506
LTR,10462,0.78120,0.70345
LTR,10477,0.22854,0.05078
LTR,10492,0.48347,0.29435
LTR,10522,0.43645,0.26367
LTR,10537,0.40714,0.31272
LTR,10552,0.48798,0.94889
LTR,10567,0.00000,0.00000
LTR,1057,0.21761,0.15278
LTR,10582,0.34947,0.12666
LTR,10597,0.54377,0.09297
LTR,10612,0.91253,0.33552
LTR,10627,0.69294,0.94810
LTR,10657,0.53295,0.14192
LTR,10672,0.57506,0.44453
LTR,10687,0.47455,0.36737
LTR,10702,0.61330,0.96716
LTR,10717,0.36597,0.32505
LTR,1072,0.74466,0.60021
LTR,10732,0.51204,0.37491
LTR,10747,0.29395,0.23769
LTR,10762,0.46471,0.33552
LTR,10777,0.76370,0.96743
LTR,10792,0.23273,0.04590
LTR,10807,0.02329,0.03125
LTR,10822,0.20732,0.30885
LTR,10837,0.64636,0.11067
LTR,10852,0.42640,0.30063
LTR,10867,0.73819,0.52558
LTR,1087,1.00000,0.06250
LTR,10882,0.90030,0.95805
LTR,10897,0.49198,0.35044
LTR,10912,0.07818,0.01250
LTR,10927,0.42857,0.34642
LTR,10942,0.52892,0.43188
LTR,10957,0.07954,0.10278
LTR,10972,0.30443,0.23384
LTR,10987,0.82915,0.95782
LTR,11002,0.54985,0.95669
LTR,11017,0.48572,0.47329
LTR,1102,0.69532,0.44153
LTR,11032,0.40892,0.13264
LTR,11047,0.61748,0.52036
LTR,11062,0.34626,0.30782
LTR,11077,0.24301,0.28399
LTR,11092,0.60244,0.95927
LTR,11107,0.78350,0.58501
LTR,11122,0.48710,0.50737
LTR,11137,0.39770,0.15565
LTR,11152,0.15533,0.23372
LTR,11167,0.40265,0.15789
LTR,1117,0.48102,0.27593
LTR,11182,0.52257,0.32814
LTR,11197,0.15020,0.14673
LTR,112,0.23675,0.17851
LTR,11212,0.85470,0.57677
LTR,11227,0.28224,0.39651
LTR,11242,0.28327,0.11239
LTR,11257,0.57069,0.95624
LTR,11272,0.44639,0.16625
LTR,11287,0.79119,0.94889
LTR,11302,0.51279,0.50430
LTR,11317,0.00000,0.00000
LTR,1132,0.50000,0.02083
LTR,11347,0.97400,0.94067
LTR,11362,0.33626,0.12280
LTR,11377,0.92410,0.95378
LTR,11392,0.38785,0.20020
LTR,11407,0.39563,0.32505
LTR,11437,0.37209,0.20573
LTR,11452,0.40269,0.94381
LTR,11467,0.47259,0.32062
LTR,1147,0.08051,0.02083
LTR,11482,0.64775,0.45177
LTR,11497,0.30738,0.16625
LTR,11512,0.38646,0.61386
LTR,11527,0.14735,0.09375
LTR,11542,0.66084,0.22149
LTR,11557,0.72289,0.95951
LTR,11572,0.50926,0.34642
LTR,11587,0.43062,0.11011
LTR,11602,0.44308,0.29579
LTR,11617,0.82059,0.96722
LTR,1162,0.29271,0.05688
LTR,11632,0.48256,0.36523
LTR,11647,0.27754,0.33569
LTR,11662,0.00000,0.00000
LTR,11677,0.16958,0.06250
LTR,11692,0.86879,0.33007
LTR,11707,0.14735,0.09375
LTR,11722,0.48937,0.31616
LTR,11737,0.07018,0.05688
LTR,11752,0.85393,0.12041
LTR,11767,0.66886,0.14192
LTR,1177,0.53856,0.37558
LTR,11782,0.33138,0.29813
LTR,11797,0.61919,0.56010
LTR,11812,0.60029,0.25633
LTR,11827,0.01848,0.02734
LTR,11842,0.81752,0.38145
LTR,11857,0.19601,0.09937
LTR,11887,0.21536,0.14192
LTR,11902,0.12746,0.22578
LTR,11917,0.62837,0.33552
LTR,1192,0.50259,0.94220
LTR,11932,0.44067,0.26304
LTR,11947,0.18088,0.10645
LTR,11962,0.75871,0.96803
LTR,11977,0.31565,0.10059
LTR,11992,1.00000,0.34642
LTR,12007,0.00000,0.00000
LTR,12022,0.20800,0.05703
LTR,12037,0.00000,0.00000
LTR,12052,0.37305,0.24013
LTR,12067,0.69180,0.95941
LTR,1207,0.86879,0.33007
LTR,12082,0.38980,0.60612
LTR,12097,0.29266,0.08813
LTR,12112,0.62837,0.33552
LTR,12127,0.34935,0.31960
LTR,12142,0.00000,0.00000
LTR,12157,0.57337,0.20699
LTR,12172,0.42955,0.26823
LTR,12187,0.17182,0.07422
LTR,12202,0.05653,0.02083
LTR,12217,0.63432,0.38318
LTR,1222,0.66425,0.33254
LTR,12232,0.57553,0.34642
LTR,12247,0.40269,0.94381
LTR,12262,0.58566,0.95239
LTR,12277,0.46702,0.22876
LTR,12292,0.73783,0.94873
LTR,12307,0.65766,0.18750
LTR,12322,0.56445,0.96688
LTR,12337,0.44273,0.94572
LTR,12352,0.71468,0.52151
LTR,12382,0.49125,0.33254
LTR,12397,0.30657,0.02083
LTR,12412,0.29418,0.23329
LTR,12427,0.51766,0.12298
LTR,12442,0.59835,0.36821
LTR,12457,0.82993,0.22943
LTR,12472,0.61928,0.49339
LTR,12487,0.51818,0.17384
LTR,12502,0.00000,0.00000
LTR,12517,0.57401,0.56549
LTR,1252,0.30713,0.27954
LTR,12532,0.48829,0.95378
LTR,12547,0.73313,0.96778
LTR,12562,0.60673,0.52118
LTR,12577,0.30429,0.34829
LTR,12592,0.63093,0.03125
LTR,12607,0.41512,0.31960
LTR,12622,0.46012,0.31272
LTR,12637,0.29554,0.11011
LTR,12652,0.66839,0.95762
LTR,12667,0.00000,0.00000
LTR,1267,0.55656,0.24860
LTR,12682,0.00000,0.00000
LTR,12697,0.68573,0.44225
LTR,127,0.85510,0.52151
LTR,12712,0.59826,0.33007
LTR,12727,0.84722,0.94331
LTR,12742,0.65682,0.26949
LTR,12757,0.85241,0.55129
LTR,12772,0.73749,0.25633
LTR,12787,0.47125,0.28843
LTR,12802,0.40209,0.30885
LTR,12817,0.37439,0.50980
LTR,1282,0.41923,0.40700
LTR,12832,0.52885,0.47658
LTR,12847,0.68853,0.12109
LTR,12862,0.18468,0.24056
LTR,12877,0.21553,0.23372
LTR,12892,0.53291,0.24587
LTR,12907,0.61260,0.30836
LTR,12922,0.24765,0.31189
LTR,12937,0.40242,0.29462
LTR,12952,0.72273,0.30493
LTR,1297,0.36294,0.13151
LTR,12982,0.33916,0.06250
LTR,12997,0.11964,0.18774
LTR,13012,0.58549,0.24787
LTR,13027,0.16174,0.07715
LTR,13042,0.56396,0.50470
LTR,13057,0.62062,0.52344
LTR,13072,0.33916,0.18750
LTR,13087,0.44293,0.47078
LTR,13102,0.30455,0.34573
LTR,13117,0.56346,0.17805
LTR,13132,0.58007,0.26050
LTR,13147,0.33045,0.13300
LTR,13162,0.62837,0.33552
LTR,13177,0.61731,0.50980
LTR,13192,0.63648,0.41660
LTR,13207,0.46491,0.39919
LTR,13222,0.00000,0.00000
LTR,13237,0.32627,0.29208
LTR,13252,0.66276,0.15991
LTR,13267,0.57740,0.23299
LTR,1327,0.39583,0.27180
LTR,13282,0.82864,0.56261
LTR,13297,0.28643,0.50468
LTR,13312,0.51655,0.95297
LTR,13327,0.63984,0.95860
LTR,13342,0.38785,0.20020
LTR,13357,0.17658,0.27742
LTR,13372,0.60625,0.18750
LTR,13387,0.14895,0.04647
LTR,13417,0.72776,0.44629
LTR,1342,0.35682,0.14876
LTR,13432,0.49146,0.32505
LTR,13447,0.79270,0.96780
LTR,13462,0.31557,0.06451
LTR,13477,0.39038,0.06250
LTR,13492,0.75395,0.37735
LTR,13507,0.55085,0.42252
LTR,13537,0.25435,0.27874
LTR,13552,0.22867,0.19800
LTR,13567,0.26262,0.09180
LTR,1357,0.79176,0.95120
LTR,13582,0.47037,0.07422
LTR,13597,0.13121,0.01250
LTR,13612,0.56172,0.12020
LTR,13627,0.25115,0.33552
LTR,13642,0.27721,0.30156
LTR,13657,0.00000,0.00000
LTR,13672,0.39563,0.32505
LTR,13687,0.29554,0.11011
LTR,13717,0.00000,0.00000
LTR,1372,0.20208,0.06250
LTR,13732,0.55907,0.93953
LTR,13747,0.72801,0.96765
LTR,13762,0.70210,0.29435
LTR,13777,0.12741,0.22559
LTR,13792,0.58904,0.21492
LTR,13807,0.00000,0.00000
LTR,13822,0.76380,0.17519
LTR,13837,0.12908,0.03548
LTR,13852,0.45835,0.47964
LTR,13867,0.62048,0.62175
LTR,1387,0.65193,0.94933
LTR,13882,0.05653,0.02083
LTR,13897,0.14607,0.01562
LTR,13912,0.20919,0.29985
LTR,13942,0.44170,0.13184
LTR,13957,0.30259,0.21395
LTR,13972,0.08265,0.04590
LTR,13987,0.16596,0.16258
LTR,14002,0.00000,0.00000
LTR,14017,0.30079,0.09297
LTR,1402,0.39159,0.12258
LTR,14032,0.63995,0.26304
LTR,14047,0.76987,0.29579
LTR,14062,0.68147,0.96746
LTR,14077,0.55991,0.18001
LTR,14092,0.79419,0.56202
LTR,14107,0.71794,0.48186
LTR,14122,0.28616,0.10286
LTR,14152,0.83582,0.94325
LTR,14167,0.30974,0.26147
LTR,1417,0.63995,0.09302
LTR,14182,0.79271,0.24860
LTR,14197,0.28821,0.27742
LTR,142,0.19557,0.27742
LTR,14227,0.40714,0.31272
LTR,14242,0.58917,0.25943
LTR,14257,0.80490,0.94583
LTR,14272,0.56132,0.31960
LTR,14287,0.10104,0.02083
LTR,14302,0.15533,0.23372
LTR,14317,0.24761,0.47958
LTR,1432,0.16174,0.07715
LTR,14332,0.17159,0.06177
LTR,14347,0.79487,0.39919
LTR,14362,0.00000,0.00000
LTR,14377,0.48118,0.34740
LTR,14407,0.05365,0.01250
LTR,14422,0.00000,0.00000
LTR,14437,0.66914,0.32497
LTR,14452,0.53966,0.36638
LTR,14467,0.34590,0.31960
LTR,1447,0.44685,0.15001
LTR,14482,0.00000,0.00000
LTR,14497,0.69921,0.10553
LTR,14512,0.46914,0.31960
LTR,14527,0.39635,0.45093
LTR,14542,0.00000,0.00000
LTR,14557,0.30943,0.23370
LTR,14572,0.87722,0.07715
LTR,14587,0.25518,0.48186
LTR,14602,0.51477,0.16929
LTR,14617,0.13121,0.01250
LTR,1462,0.65481,0.26923
LTR,14632,0.63995,0.95776
LTR,14647,0.44994,0.28516
LTR,14662,0.59038,0.25157
LTR,14677,0.23883,0.34845
LTR,14692,0.45185,0.94863
LTR,14722,0.62155,0.33217
LTR,14737,0.52229,0.52344
LTR,14752,0.18210,0.05078
LTR,14767,0.23954,0.21797
LTR,1477,0.24992,0.13151
LTR,14782,0.44878,0.30852
LTR,14797,0.35210,0.29193
LTR,14812,0.42324,0.09576
LTR,14827,0.51477,0.16929
LTR,14842,0.65682,0.26949
LTR,14857,0.55721,0.94218
LTR,14872,0.50291,0.23372
LTR,14887,0.78886,0.58447
LTR,14902,0.84245,0.96694
LTR,14917,0.23933,0.23329
LTR,1492,0.54169,0.24146
LTR,14932,0.60602,0.44494
LTR,14947,0.41791,0.28951
LTR,14977,0.00000,0.00000
LTR,14992,0.28004,0.35571
LTR,15007,0.57401,0.56549
LTR,15022,0.50285,0.38647
LTR,15037,0.71928,0.57677
LTR,15067,0.65562,0.55506
LTR,1507,0.21218,0.18020
LTR,15082,0.21586,0.14192
LTR,15097,0.38685,0.03125
LTR,15112,0.47311,0.18610
LTR,15127,0.80001,0.95113
LTR,15142,0.39944,0.26050
LTR,15157,0.07818,0.01250
LTR,15172,0.59723,0.95482
LTR,15187,0.07818,0.01250
LTR,15202,0.21874,0.10091
LTR,15217,0.31565,0.03548
LTR,1522,0.40265,0.15789
LTR,15232,0.09610,0.15001
LTR,15262,0.00000,0.00000
LTR,15277,0.21404,0.31960
LTR,15292,0.77339,0.94933
LTR,15307,0.66543,0.58735
LTR,15322,0.32159,0.22876
LTR,15337,0.38523,0.24829
LTR,15352,0.91253,0.33552
LTR,15367,0.34519,0.04297
LTR,1537,0.67621,0.36821
LTR,15382,0.56132,0.31960
LTR,15397,0.42080,0.15195
LTR,15412,0.35099,0.09375
LTR,15427,0.16958,0.06250
LTR,15442,0.25793,0.27399
LTR,15457,0.32714,0.33368
LTR,15472,1.00000,0.34642
LTR,15487,0.30524,0.50596
LTR,15502,0.33916,0.18750
LTR,15517,0.49767,0.30493
LTR,1552,0.46253,0.15977
LTR,15532,0.27023,0.07481
LTR,15547,0.48211,0.94325
LTR,15562,0.46359,0.35817
LTR,15577,0.42503,0.20020
LTR,15592,0.33916,0.06250
LTR,15607,0.64669,0.58434
LTR,15622,0.50632,0.95140
LTR,15667,0.65677,0.40056
LTR,1567,0.29554,0.11011
LTR,15682,0.42730,0.17519
LTR,15697,0.45309,0.57072
LTR,157,0.14607,0.04688
LTR,15712,0.77389,0.24587
LTR,15727,0.33916,0.18750
LTR,15742,0.45918,0.22479
LTR,15757,0.79513,0.95048
LTR,15772,0.00000,0.00000
LTR,15787,0.00000,0.00000
LTR,15802,0.71391,0.95846
LTR,15817,0.60320,0.52112
LTR,1582,0.38487,0.30644
LTR,15832,0.52547,0.38867
LTR,15847,0.55414,0.95730
LTR,15862,0.61991,0.96716
LTR,15877,0.28184,0.33552
LTR,15892,0.28322,0.22149
LTR,15907,0.61075,0.32529
LTR,15922,0.03253,0.02083
LTR,15937,0.41339,0.48979
LTR,15952,0.75635,0.42629
LTR,15967,0.00000,0.00000
LTR,1597,0.55038,0.41266
LTR,15982,0.23597,0.30493
LTR,15997,0.60894,0.40839
LTR,16012,0.60602,0.44494
LTR,16027,0.44438,0.21633
LTR,16042,0.85293,0.94501
LTR,16057,0.91253,0.33552
LTR,16072,0.85734,0.30837
LTR,16087,0.37209,0.20573
LTR,16102,0.52689,0.23299
LTR,16117,0.78120,0.70345
LTR,1612,1.00000,0.54752
LTR,16132,0.17635,0.11597
LTR,16147,0.72448,0.34124
LTR,16162,0.33347,0.26923
LTR,16177,0.16102,0.06250
LTR,16192,0.51950,0.50980
LTR,16207,0.79270,0.96780
LTR,16222,0.18467,0.17548
LTR,16237,0.64691,0.26502
LTR,16252,0.62238,0.54752
LTR,16267,0.51566,0.95155
LTR,1627,0.67296,0.26334
LTR,16282,0.45578,0.30078
LTR,16297,0.64269,0.22701
LTR,16327,0.56346,0.20252
LTR,16342,0.27247,0.20443
LTR,16357,0.20817,0.32529
LTR,16372,0.55944,0.24829
LTR,16387,0.19906,0.27743
LTR,16417,0.72273,0.11011
LTR,1642,0.07824,0.09180
LTR,16432,0.46163,0.70558
LTR,16447,0.55846,0.94442
LTR,16462,0.84367,0.29579
LTR,16477,0.41336,0.25633
LTR,16492,0.39364,0.31372
LTR,16507,0.70073,0.94683
LTR,16522,0.51550,0.57634
LTR,16537,0.05638,0.04647
LTR,16552,0.82619,0.94243
LTR,16567,0.13121,0.03750
LTR,1657,0.27727,0.15789
LTR,16582,0.58640,0.31189
LTR,16597,0.57553,0.34642
LTR,16612,0.28422,0.31960
LTR,16627,0.32704,0.15039
LTR,16642,0.61471,0.57808
LTR,16657,0.36020,0.93972
LTR,16672,0.19358,0.47379
LTR,16687,0.81515,0.31960
LTR,16702,0.28592,0.10553
LTR,16717,0.10353,0.05078
LTR,1672,0.33916,0.18750
LTR,16732,0.13121,0.01250
LTR,16747,0.47214,0.50742
LTR,16762,0.64691,0.26502
LTR,16777,0.91307,0.28399
LTR,16792,0.57782,0.71227
LTR,16807,0.51477,0.16929
LTR,16822,0.00000,0.00000
LTR,16837,0.18773,0.05599
LTR,16852,0.61696,0.23372
LTR,16867,0.74429,0.28399
LTR,1687,0.00000,0.00000
LTR,16882,0.78279,0.94040
LTR,16897,0.23678,0.24653
LTR,16912,0.46462,0.54394
LTR,16927,0.63995,0.26304
LTR,16957,0.70417,0.96731
LTR,16972,0.68380,0.94680
LTR,16987,0.91653,0.62769
LTR,17002,0.26625,0.04647
LTR,17017,0.09262,0.07520
LTR,1702,0.43738,0.29193
LTR,17032,0.74395,0.94933
LTR,17047,0.72614,0.28951
LTR,17062,0.53795,0.95721
LTR,17077,0.23720,0.01250
LTR,17092,0.15675,0.23370
LTR,17107,0.55944,0.24829
LTR,17122,0.59714,0.30174
LTR,17137,0.70884,0.51758
LTR,17152,0.76882,0.53871
LTR,17167,0.65070,0.50951
LTR,1717,0.46437,0.47918
LTR,17182,0.86204,0.95389
LTR,17197,0.32882,0.31738
LTR,172,0.52869,0.94381
LTR,17212,0.45509,0.35044
LTR,17227,0.18371,0.12258
LTR,17242,0.54670,0.95725
LTR,17257,0.06935,0.02083
LTR,17287,0.53600,0.48515
LTR,17302,0.20421,0.20602
LTR,17317,1.00000,0.09180
LTR,1732,0.77967,0.60584
LTR,17332,0.80576,0.26949
LTR,17347,0.16382,0.12041
LTR,17362,0.79948,0.31272
LTR,17377,0.78788,0.56894
LTR,17392,0.38290,0.19766
LTR,17407,0.57886,0.94571
LTR,17422,0.89201,0.94972
LTR,17437,0.89149,0.94492
LTR,17452,0.87348,0.49408
LTR,17467,0.59037,0.30837
LTR,1747,0.42503,0.20020
LTR,17482,0.00000,0.00000
LTR,17497,0.25696,0.37896
LTR,17512,0.64789,0.70358
LTR,17527,0.10774,0.12041
LTR,17542,0.43934,0.45508
LTR,17557,0.75871,0.96803
LTR,17572,0.50003,0.18020
LTR,17587,0.65682,0.26949
LTR,17602,0.43362,0.20443
LTR,17617,0.32704,0.15039
LTR,1762,0.43226,0.17742
LTR,17632,0.66084,0.22149
LTR,17647,0.84153,0.51247
LTR,17662,0.67083,0.96690
LTR,17677,0.77389,0.24587
LTR,17692,0.49356,0.39754
LTR,17707,0.25908,0.23828
LTR,17722,0.65245,0.94810
LTR,17737,0.80097,0.93828
LTR,17752,0.73974,0.42252
LTR,17767,0.51477,0.19304
LTR,1777,0.28243,0.10391
LTR,17782,0.59069,0.96702
LTR,17797,0.67282,0.54752
LTR,17812,0.77073,0.53290
LTR,17827,0.59447,0.94336
LTR,17842,0.00000,0.00000
LTR,17857,0.88581,0.94501
LTR,17887,0.00000,0.00000
LTR,17902,0.28401,0.33753
LTR,17917,0.76987,0.29579
LTR,1792,0.33413,0.22559
LTR,17932,0.17771,0.14453
LTR,17947,0.27727,0.07734
LTR,17962,0.28184,0.28591
LTR,17977,0.71932,0.62175
LTR,17992,0.44558,0.53998
LTR,18007,0.33572,0.32529
LTR,18022,0.53017,0.39484
LTR,18037,0.06788,0.12323
LTR,18052,0.70386,0.94106
LTR,18067,0.62958,0.95345
LTR,1807,0.55052,0.31272
LTR,18082,0.62494,0.43441
LTR,18097,0.79833,0.52988
LTR,18112,0.94677,0.95249
LTR,18127,0.08051,0.02083
LTR,18142,0.25115,0.33552
LTR,18157,0.17989,0.05078
LTR,18172,0.72460,0.23828
LTR,18187,0.50892,0.95482
LTR,18202,0.81013,0.50511
LTR,18217,0.07818,0.01250
LTR,1822,0.44914,0.25155
LTR,18232,0.61075,0.32529
LTR,18247,0.28464,0.12041
LTR,18262,0.12750,0.03125
LTR,18277,0.80369,0.70415
LTR,18292,0.37040,0.31272
LTR,18307,0.36428,0.40058
LTR,18322,0.18773,0.05599
LTR,18337,0.34197,0.19800
LTR,18352,0.00000,0.00000
LTR,18367,0.72262,0.21492
LTR,1837,0.58549,0.24787
LTR,18382,0.07817,0.03125
LTR,18397,0.77075,0.94808
LTR,18412,0.71083,0.48804
LTR,18427,0.45305,0.30836
LTR,18442,0.28471,0.31410
LTR,18472,0.19601,0.09937
LTR,18487,0.86879,0.12298
LTR,18502,0.60284,0.39669
LTR,18517,0.84156,0.62045
LTR,1852,0.55749,0.27874
LTR,18532,0.54370,0.23545
LTR,18547,0.00000,0.00000
LTR,18562,0.53000,0.14101
LTR,18577,0.44958,0.10059
LTR,18592,0.31915,0.02734
LTR,18607,0.74088,0.30063
LTR,18622,0.24747,0.13216
LTR,18637,0.89554,0.27017
LTR,18652,0.39426,0.11583
LTR,18667,0.37167,0.18750
LTR,1867,0.36856,0.53290
LTR,18682,0.65341,0.28516
LTR,18697,0.48799,0.38112
LTR,187,0.48979,0.28371
LTR,18712,0.51949,0.33217
LTR,18727,0.88888,0.95964
LTR,18742,0.62837,0.33552
LTR,18757,0.74161,0.57068
LTR,18772,0.57533,0.52151
LTR,18787,0.78547,0.21395
LTR,18802,0.42857,0.34642
LTR,18817,0.43436,0.94766
LTR,1882,0.55234,0.50965
LTR,18847,0.16096,0.03750
LTR,18862,0.47052,0.94988
LTR,18877,0.37211,0.14101
LTR,18892,0.56132,0.31960
LTR,18907,0.48896,0.34307
LTR,18922,0.20993,0.31272
LTR,18937,0.50002,0.33007
LTR,18952,0.30079,0.09297
LTR,18967,0.27394,0.32529
LTR,1897,0.08703,0.01562
LTR,18982,0.54518,0.37896
LTR,18997,0.23706,0.26367
LTR,19012,0.25465,0.18020
LTR,19027,0.62572,0.47345
LTR,19042,0.33642,0.28951
LTR,19057,0.96498,0.95684
LTR,19072,0.61211,0.36360
LTR,19087,0.10223,0.11011
LTR,19102,0.57337,0.18218
LTR,19117,0.27379,0.13359
LTR,1912,0.85503,0.94516
LTR,19132,0.34432,0.18020
LTR,19147,0.68281,0.70482
LTR,19177,0.74652,0.58500
LTR,19207,0.50312,0.94218
LTR,19222,0.85734,0.30837
LTR,19237,0.28875,0.32094
LTR,19252,0.41627,0.23871
LTR,19267,0.00000,0.00000
LTR,1927,0.57553,0.34642
LTR,19282,0.46434,0.35711
LTR,19297,0.14535,0.22241
LTR,19312,0.16958,0.06250
LTR,19327,0.39698,0.42252
LTR,19342,0.46914,0.31960
LTR,19357,0.76230,0.49408
LTR,19372,0.21803,0.13143
LTR,19387,0.12704,0.22876
LTR,19402,0.81598,0.95558
LTR,19417,0.61833,0.58946
LTR,1942,0.39633,0.22600
LTR,19432,0.12555,0.11011
LTR,19447,0.56321,0.94312
LTR,19462,0.50477,0.29720
LTR,19477,0.26739,0.05599
LTR,19492,0.06079,0.03750
LTR,19507,0.42466,0.70415
LTR,19522,0.80481,0.10553
LTR,19537,0.42836,0.28399
LTR,19552,0.00000,0.00000
LTR,19567,0.63995,0.26304
LTR,1957,0.73955,0.54752
LTR,19582,0.77073,0.53290
LTR,19597,0.78641,0.95258
LTR,19612,0.25575,0.27119
LTR,19627,0.50000,0.02083
LTR,19642,0.36005,0.13184
LTR,19657,0.70734,0.19800
LTR,19672,0.60961,0.33368
LTR,19687,0.43062,0.11011
LTR,19702,0.32523,0.31164
LTR,19717,0.39411,0.24587
LTR,1972,0.00000,0.00000
LTR,19732,0.38425,0.45746
LTR,19747,0.90262,0.33217
LTR,19762,0.20208,0.06250
LTR,19777,0.16389,0.04297
LTR,19792,0.73357,0.94972
LTR,19807,0.29144,0.39519
LTR,19822,0.65330,0.43590
LTR,19837,0.41512,0.31960
LTR,19852,0.36543,0.26105
LTR,19867,0.31790,0.15977
LTR,1987,0.31499,0.46000
LTR,19882,0.04818,0.08984
LTR,19897,0.84636,0.57661
LTR,19912,0.92756,0.95355
LTR,19927,0.60499,0.94478
LTR,19957,0.21844,0.18750
LTR,19972,0.72273,0.30493
LTR,19987,0.92215,0.53290
LTR,20002,0.13869,0.06250
LTR,20017,0.61731,0.50980
LTR,2002,0.32637,0.13062
LTR,20032,0.03949,0.05078
LTR,20047,0.88695,0.32529
LTR,20062,0.66406,0.96233
LTR,20077,0.51836,0.57677
LTR,20092,0.81121,0.95941
LTR,20107,0.44182,0.19670
LTR,20122,0.24978,0.12769
LTR,20137,0.73274,0.96746
LTR,20167,0.66702,0.27874
LTR,2017,0.77580,0.95418
LTR,20182,0.72147,0.28710
LTR,20197,0.85734,0.30837
LTR,202,0.00000,0.00000
LTR,20212,0.70249,0.57472
LTR,20227,0.27530,0.07886
LTR,20242,0.38033,0.22149
LTR,20257,0.63093,0.03125
LTR,20272,0.47958,0.95155
LTR,20287,0.38523,0.24829
LTR,20302,0.65638,0.54160
LTR,20317,0.35053,0.47110
LTR,2032,0.79502,0.96713
LTR,20332,0.29659,0.15710
LTR,20347,0.45967,0.33217
LTR,20362,0.11116,0.07520
LTR,20377,0.80407,0.61684
LTR,20392,0.26200,0.08472
LTR,20407,0.50773,0.37095
LTR,20422,0.40542,0.09937
LTR,20437,0.63252,0.57266
LTR,20452,0.44189,0.52895
LTR,20467,0.75996,0.29193
LTR,2047,0.33528,0.28710
LTR,20482,0.19234,0.07422
LTR,20497,0.51477,0.16929
LTR,20512,0.57911,0.39114
LTR,20527,0.11677,0.06250
LTR,20542,0.47599,0.16258
LTR,20557,0.46253,0.15977
LTR,20572,0.76987,0.29579
LTR,20587,0.42857,0.34642
LTR,20602,0.49040,0.47224
LTR,20617,0.43226,0.15485
LTR,2062,0.79948,0.31272
LTR,20632,0.65456,0.42252
LTR,20647,0.49420,0.30676
LTR,20677,0.58334,0.95222
LTR,20692,0.30079,0.11499
LTR,20707,0.56124,0.52118
LTR,20722,0.51420,0.33264
LTR,20752,0.80907,0.51880
LTR,20767,0.54035,0.20573
LTR,2077,0.00000,0.00000
LTR,20782,0.56734,0.95710
LTR,20797,0.48606,0.62741
LTR,20812,0.52519,0.33552
LTR,20842,0.19100,0.14192
LTR,20857,0.63230,0.53998
LTR,20872,0.86844,0.58434
LTR,20887,0.48128,0.26949
LTR,20902,0.38077,0.29850
LTR,20917,0.56479,0.94214
LTR,2092,0.72066,0.51259
LTR,20932,1.00000,0.13264
LTR,20947,0.68642,0.23329
LTR,20962,0.48942,0.94715
LTR,20977,0.76692,0.96709
LTR,20992,0.00000,0.00000
LTR,21007,0.93977,0.53998
LTR,21022,0.44463,0.58232
LTR,21052,0.11677,0.08203
LTR,21067,0.59835,0.36821
LTR,2107,0.20260,0.06478
LTR,21082,0.46928,0.06250
LTR,21097,0.55656,0.24860
LTR,21112,0.33045,0.13300
LTR,21127,0.00000,0.00000
LTR,21142,0.39688,0.53998
LTR,21157,0.78441,0.95932
LTR,21172,0.47311,0.18610
LTR,21187,0.37573,0.16229
LTR,21202,0.03795,0.03255
LTR,21217,0.14011,0.05078
LTR,2122,0.29470,0.28323
LTR,21232,0.67198,0.58502
LTR,21247,0.22322,0.30493
LTR,21262,0.46903,0.30174
LTR,21277,0.35261,0.56371
LTR,21292,0.48799,0.44922
LTR,21307,0.66707,0.18746
LTR,21322,0.63298,0.31300
LTR,21337,0.69103,0.17351
LTR,21352,0.20548,0.08813
LTR,21367,0.47611,0.32094
LTR,2137,0.24065,0.12666
LTR,21382,0.10113,0.09576
LTR,21397,0.39569,0.20443
LTR,21412,0.43226,0.15485
LTR,21427,0.79982,0.61573
LTR,21442,0.10159,0.03125
LTR,21457,0.14895,0.04647
LTR,21472,0.85393,0.12041
LTR,21487,1.00000,0.63492
LTR,21502,0.52963,0.06451
LTR,21517,0.65341,0.28516
LTR,2152,0.66495,0.94434
LTR,21532,0.23996,0.18001
LTR,21547,0.00000,0.00000
LTR,21562,0.72273,0.11011
LTR,21592,0.25876,0.30516
LTR,21607,0.71468,0.52151
LTR,21622,0.69185,0.95230
LTR,21637,0.45887,0.94927
LTR,21652,0.86879,0.33007
LTR,21667,0.35938,0.13216
LTR,2167,0.20208,0.06250
LTR,21682,0.58458,0.15039
LTR,21697,0.35858,0.36582
LTR,217,0.36690,0.35955
LTR,21712,0.58007,0.26050
LTR,21727,0.12164,0.10553
LTR,21742,0.21399,0.03125
LTR,21757,0.57639,0.70445
LTR,21772,0.38685,0.01250
LTR,21787,0.17159,0.06177
LTR,21802,0.38684,0.33217
LTR,21817,0.00000,0.00000
LTR,2182,0.46216,0.36575
LTR,21832,0.00000,0.00000
LTR,21847,0.67795,0.38666
LTR,21862,0.45509,0.35044
LTR,21877,0.57553,0.34642
LTR,21892,0.39721,0.30837
LTR,21907,0.90262,0.33217
LTR,21922,0.59688,0.27192
LTR,21937,0.30324,0.16693
LTR,21952,0.82812,0.61386
LTR,21967,0.42319,0.41603
LTR,2197,0.68860,0.34642
LTR,21982,0.84153,0.51247
LTR,21997,0.55315,0.26367
LTR,22,0.64471,0.54394
LTR,22012,0.41662,0.10553
LTR,22027,0.24219,0.12852
LTR,22042,0.35938,0.13216
LTR,22057,0.53291,0.24587
LTR,22072,0.35447,0.19304
LTR,22087,0.55743,0.24860
LTR,22102,0.36005,0.04590
LTR,22117,0.43068,0.01562
LTR,2212,0.35753,0.09180
LTR,22132,0.80275,0.59043
LTR,22147,0.28793,0.57525
LTR,22162,0.75644,0.96227
LTR,22177,0.43071,0.15710
LTR,22192,0.28405,0.19269
LTR,22207,0.62411,0.23828
LTR,22222,0.41765,0.94214
LTR,22237,0.86329,0.93828
LTR,22252,0.30312,0.08203
LTR,22267,0.79948,0.31272
LTR,2227,0.96969,0.96720
LTR,22282,0.78407,0.38112
LTR,22297,0.89549,0.95213
LTR,22312,0.51770,0.51984
LTR,22327,0.36907,0.10645
LTR,22342,0.24153,0.08203
LTR,22357,0.30334,0.11583
LTR,22372,0.33646,0.22479
LTR,22387,0.55899,0.46606
LTR,22402,0.38698,0.14873
LTR,22417,0.39482,0.18218
LTR,2242,0.68642,0.23329
LTR,22432,0.72614,0.28951
LTR,22462,0.75528,0.96726
LTR,22477,0.68762,0.37491
LTR,22492,0.83249,0.47266
LTR,22507,0.64082,0.66055
LTR,22522,0.07954,0.15565
LTR,22552,0.56163,0.40330
LTR,2257,0.69921,0.10553
LTR,22582,0.62238,0.54752
LTR,22597,0.37481,0.57310
LTR,22612,0.55085,0.42252
LTR,22627,0.54808,0.95561
LTR,22657,0.73676,0.96775
LTR,22672,0.68860,0.34642
LTR,22687,0.09035,0.03750
LTR,22702,1.00000,0.96808
LTR,22717,0.71928,0.57677
LTR,2272,0.84430,0.38867
LTR,22732,0.74897,0.96803
LTR,22747,0.47165,0.58220
LTR,22762,0.81963,0.61065
LTR,22777,0.57419,0.96694
LTR,22792,0.63432,0.44225
LTR,22807,0.25386,0.12996
LTR,22822,0.38148,0.37494
LTR,22837,0.22009,0.40395
LTR,22852,0.42155,0.07520
LTR,22867,0.20712,0.11499
LTR,2287,0.73696,0.27742
LTR,22882,0.63668,0.09180
LTR,22897,0.22869,0.12337
LTR,22912,0.67621,0.36821
LTR,22927,0.54399,0.94553
LTR,22942,0.13350,0.17742
LTR,22957,0.68862,0.50430
LTR,22972,0.54377,0.03255
LTR,22987,0.54566,0.40700
LTR,23002,0.72148,0.54160
LTR,23017,0.32198,0.15286
LTR,2302,0.37413,0.10645
LTR,23032,0.77480,0.49001
LTR,23047,0.37766,0.54705
LTR,23062,0.81802,0.41266
LTR,23077,0.51519,0.47958
LTR,23092,0.70025,0.45177
LTR,23107,0.13951,0.06478
LTR,23122,0.61365,0.95308
LTR,23137,0.78282,0.94969
LTR,23152,0.46253,0.15977
LTR,23167,0.55612,0.95743
LTR,2317,0.61550,0.95281
LTR,23182,0.54631,0.16626
LTR,23197,0.58039,0.18610
LTR,232,0.33045,0.13300
LTR,23212,0.82392,0.50430
LTR,23227,0.20208,0.06250
LTR,23242,0.23450,0.09375
LTR,23257,0.00000,0.00000
LTR,23272,0.43067,0.59338
LTR,23287,0.21619,0.36731
LTR,23302,0.36742,0.56978
LTR,2332,0.33916,0.18750
LTR,23332,0.46483,0.94371
LTR,23347,0.46331,0.34642
LTR,23362,0.45145,0.48515
LTR,23377,0.34947,0.12666
LTR,23392,0.11305,0.06250
LTR,23407,0.71913,0.66055
LTR,23422,0.02283,0.01250
LTR,23437,0.26707,0.20020
LTR,23452,0.49470,0.51147
LTR,23467,0.27034,0.05703
LTR,2347,0.66690,0.52118
LTR,23482,0.12269,0.11011
LTR,23497,0.37167,0.18750
LTR,23512,0.76987,0.29579
LTR,23527,0.62155,0.33217
LTR,23542,0.35669,0.29579
LTR,23557,0.47048,0.50273
LTR,23572,0.38684,0.33217
LTR,23587,0.51046,0.32529
LTR,23602,0.50926,0.34642
LTR,23617,0.67274,0.53621
LTR,2362,0.33126,0.24311
LTR,23632,0.57002,0.95932
LTR,23647,0.47133,0.94972
LTR,23662,1.00000,0.34642
LTR,23677,0.52976,0.57280
LTR,23692,0.70210,0.29435
LTR,23707,0.37305,0.24013
LTR,23722,0.66084,0.07481
LTR,23737,0.51849,0.95551
LTR,23752,1.00000,0.34642
LTR,23767,0.53386,0.18299
LTR,2377,0.43983,0.24860
LTR,23782,0.00000,0.00000
LTR,23797,0.25245,0.21492
LTR,23812,0.29746,0.19383
LTR,23827,0.42080,0.12852
LTR,23842,0.29608,0.03125
LTR,23857,0.29912,0.36959
LTR,23872,0.69620,0.59008
LTR,23887,0.05653,0.02083
LTR,23902,0.53386,0.18299
LTR,23917,0.50634,0.54752
LTR,23932,0.55222,0.95794
LTR,23947,0.56346,0.17805
LTR,23962,0.36762,0.18299
LTR,23977,0.70990,0.56653
LTR,23992,0.16958,0.02083
LTR,24022,0.33196,0.10553
LTR,24037,0.71604,0.28516
LTR,24052,0.51160,0.63852
LTR,24067,0.20712,0.09297
LTR,2407,0.52331,0.29193
LTR,24082,0.75421,0.95561
LTR,24097,0.07245,0.03548
LTR,24112,0.85372,0.95997
LTR,24127,0.00000,0.00000
LTR,24142,0.53785,0.39244
LTR,24157,0.26251,0.09375
LTR,24172,0.95677,0.47379
LTR,24187,1.00000,0.06250
LTR,24202,0.46308,0.23349
LTR,24217,0.47267,0.23329
LTR,2422,0.68642,0.23329
LTR,24232,0.21327,0.20252
LTR,24247,0.44397,0.31331
LTR,24262,0.50926,0.34642
LTR,24277,0.00000,0.00000
LTR,24292,0.57027,0.94766
LTR,24307,0.30886,0.34642
LTR,24322,0.38704,0.27742
LTR,24337,0.46398,0.23097
LTR,24352,0.15679,0.07422
LTR,24367,0.41443,0.04590
LTR,2437,0.88546,0.09302
LTR,24382,0.92604,0.27743
LTR,24397,0.43071,0.15710
LTR,24412,0.95249,0.96802
LTR,24427,0.39033,0.26683
LTR,24442,0.10987,0.03255
LTR,24457,0.77223,0.93880
LTR,24472,0.30385,0.07734
LTR,24487,0.76382,0.96767
LTR,24502,0.71688,0.39484
LTR,24517,0.12277,0.09302
LTR,2452,0.10104,0.02083
LTR,24532,0.64730,0.49975
LTR,24547,0.65456,0.42252
LTR,24562,0.90726,0.94572
LTR,24577,0.59425,0.52558
LTR,24592,0.66416,0.33786
LTR,24607,0.76475,0.50645
LTR,24622,0.89201,0.94972
LTR,24637,0.44241,0.33351
LTR,24652,0.20321,0.24587
LTR,24667,0.39375,0.07481
LTR,2467,0.83954,0.28843
LTR,24682,0.27692,0.34406
LTR,24697,0.45105,0.94890
LTR,247,0.48808,0.21647
LTR,24712,0.46166,0.15977
LTR,24727,0.49858,0.66043
LTR,24742,0.19056,0.14192
LTR,24757,0.46359,0.35817
LTR,24772,0.48148,0.29462
LTR,24787,0.24854,0.06478
LTR,24802,0.77142,0.31331
LTR,24817,0.15374,0.24787
LTR,2482,0.13770,0.14185
LTR,24847,0.06112,0.04590
LTR,24862,0.58295,0.95431
LTR,24877,0.28263,0.12109
LTR,24892,0.85393,0.12041
LTR,24907,0.73304,0.29720
LTR,24922,0.59945,0.95355
LTR,24937,0.66084,0.07481
LTR,24952,0.16521,0.02734
LTR,24967,0.56132,0.31960
LTR,2497,0.41772,0.57155
LTR,24982,0.39698,0.42252
LTR,24997,0.42153,0.46953
LTR,25012,0.18042,0.08472
LTR,25027,0.51818,0.17384
LTR,25042,0.39375,0.07481
LTR,25057,0.49568,0.52118
LTR,25072,0.69221,0.50072
LTR,25087,0.14986,0.03548
LTR,25102,0.61308,0.26223
LTR,25117,0.93758,0.96709
LTR,2512,0.71211,0.58406
LTR,25132,0.14286,0.13264
LTR,25147,0.11305,0.06250
LTR,25162,0.55315,0.09180
LTR,25177,0.16102,0.06250
LTR,25192,0.48850,0.30367
LTR,25207,0.76368,0.49426
LTR,25222,0.90262,0.33217
LTR,25237,0.57553,0.34642
LTR,25252,0.35755,0.29435
LTR,25267,0.14735,0.09375
LTR,2527,0.65682,0.26949
LTR,25282,0.61980,0.94165
LTR,25297,0.57737,0.42530
LTR,25312,0.52515,0.95162
LTR,25327,0.14378,0.03750
LTR,25342,0.12750,0.03125
LTR,25357,0.00000,0.00000
LTR,25372,0.61075,0.32529
LTR,25387,0.42857,0.34642
LTR,25402,0.55052,0.31272
LTR,25417,0.88485,0.60021
LTR,2542,0.09284,0.10278
LTR,25432,0.69735,0.56261
LTR,25447,0.11116,0.09576
LTR,25462,0.58774,0.35839
LTR,25477,0.49767,0.30493
LTR,25492,0.32159,0.22876
LTR,25507,0.42433,0.34642
LTR,25522,0.45018,0.54415
LTR,25552,0.43661,0.30837
LTR,25567,0.36501,0.57074
LTR,2557,0.68776,0.27180
LTR,25582,0.50355,0.36821
LTR,25597,0.88507,0.42252
LTR,25612,0.30641,0.11597
LTR,25627,0.22245,0.14583
LTR,25642,0.54739,0.39651
LTR,25657,0.84529,0.95723
LTR,25672,0.13196,0.10645
LTR,25687,0.87772,0.59766
LTR,25702,0.67249,0.27742
LTR,25717,0.30672,0.06177
LTR,2572,0.23307,0.10553
LTR,25732,0.52118,0.28371
LTR,25747,0.70635,0.95997
LTR,25762,0.30775,0.09541
LTR,25777,0.24998,0.10278
LTR,25792,0.10390,0.20443
LTR,25807,0.39844,0.08813
LTR,25822,0.11677,0.06250
LTR,25837,0.21399,0.09375
LTR,25852,0.56132,0.31960
LTR,25867,0.78785,0.26367
LTR,2587,0.24440,0.06177
LTR,25897,0.96553,0.59738
LTR,25912,0.00000,0.00000
LTR,25927,0.61550,0.95281
LTR,25942,0.33674,0.06844
LTR,25957,0.85734,0.30837
LTR,25987,0.40028,0.28934
LTR,26002,0.35272,0.29208
LTR,26017,0.70810,0.70337
LTR,2602,0.77389,0.24587
LTR,26032,0.41049,0.21289
LTR,26062,0.44308,0.24817
LTR,26077,0.70408,0.95795
LTR,26092,0.50355,0.36821
LTR,26107,0.66543,0.58735
LTR,26122,0.16958,0.08203
LTR,26137,0.00000,0.00000
LTR,26152,0.28464,0.12041
LTR,26167,0.20684,0.13216
LTR,2617,0.36302,0.31313
LTR,26182,0.58904,0.21492
LTR,26197,0.23675,0.20602
LTR,262,0.74135,0.20930
LTR,26212,0.00000,0.00000
LTR,26227,0.77925,0.94572
LTR,26242,0.17922,0.03255
LTR,26257,0.10104,0.02083
LTR,26272,0.12545,0.07430
LTR,26287,0.68410,0.96698
LTR,26302,0.91653,0.62769
LTR,26317,0.36288,0.23984
LTR,2632,0.18154,0.01250
LTR,26332,0.27934,0.30387
LTR,26347,0.64328,0.94535
LTR,26362,0.33061,0.31331
LTR,26377,0.35669,0.29579
LTR,26392,0.56346,0.20252
LTR,26407,0.16151,0.10376
LTR,26422,0.50547,0.36459
LTR,26437,0.42080,0.15195
LTR,26452,0.04931,0.04297
LTR,26467,1.00000,0.96808
LTR,2647,0.81189,0.30063
LTR,26482,0.64691,0.26502
LTR,26497,0.10300,0.15195
LTR,26512,0.30974,0.26147
LTR,26527,0.63459,0.39000
LTR,26542,0.54058,0.94572
LTR,26557,0.27985,0.10278
LTR,26572,0.71138,0.71216
LTR,26587,0.43071,0.15710
LTR,26602,0.18980,0.05703
LTR,26617,0.40193,0.35044
LTR,2662,0.58489,0.53998
LTR,26632,0.39375,0.07481
LTR,26647,0.04374,0.01250
LTR,26662,0.24091,0.11011
LTR,26677,0.68860,0.34642
LTR,26692,0.44067,0.26304
LTR,26707,0.61306,0.24829
LTR,26722,0.20198,0.16258
LTR,26737,0.14177,0.07430
LTR,26752,0.56470,0.15412
LTR,26767,0.35590,0.19383
LTR,2677,0.64557,0.28172
LTR,26782,0.23307,0.10553
LTR,26797,0.54475,0.52031
LTR,26812,0.89201,0.94972
LTR,26827,0.72273,0.30493
LTR,26842,0.75374,0.44225
LTR,26857,0.38325,0.24860
LTR,26872,0.40172,0.13924
LTR,26887,0.67904,0.40317
LTR,26902,0.69521,0.51984
LTR,26917,0.43136,0.11597
LTR,2692,0.58904,0.21492
LTR,26932,0.43528,0.43106
LTR,26947,0.42857,0.34642
LTR,26962,0.12556,0.22121
LTR,26977,0.41613,0.20930
LTR,26992,0.41609,0.42530
LTR,27007,0.11338,0.02734
LTR,27022,0.72273,0.30493
LTR,27037,0.71927,0.96774
LTR,27052,0.16521,0.02734
LTR,27067,0.52789,0.95335
LTR,2707,0.16813,0.01562
LTR,27082,0.58784,0.51147
LTR,27097,0.70729,0.20443
LTR,27112,0.59152,0.44394
LTR,27127,0.47781,0.38295
LTR,27142,0.44546,0.26502
LTR,27157,0.55927,0.95314
LTR,27172,0.24148,0.20252
LTR,27187,0.25541,0.10553
LTR,27217,0.16958,0.02083
LTR,2722,0.00000,0.00000
LTR,27232,0.29554,0.11011
LTR,27247,0.66287,0.94683
LTR,27262,1.00000,0.34642
LTR,27277,0.09863,0.18750
LTR,27292,0.39569,0.20443
LTR,27307,0.57553,0.34642
LTR,27322,0.62837,0.33552
LTR,27337,0.06682,0.06451
LTR,27352,0.77911,0.38647
LTR,27367,0.87166,0.54705
LTR,2737,0.84921,0.94810
LTR,27382,0.56820,0.40058
LTR,27397,0.03305,0.03125
LTR,27412,0.44454,0.28172
LTR,27427,0.54377,0.18746
LTR,27442,0.36410,0.25690
LTR,27457,0.00000,0.00000
LTR,27472,0.57361,0.52553
LTR,27487,0.00000,0.00000
LTR,27502,0.78449,0.40772
LTR,27517,0.91253,0.33552
LTR,2752,0.89116,0.96779
LTR,27532,0.65836,0.28710
LTR,27547,0.59037,0.30837
LTR,27562,0.92850,0.96803
LTR,27577,0.88049,0.96713
LTR,27592,0.48347,0.29435
LTR,27607,0.82814,0.96802
LTR,27622,0.33839,0.30885
LTR,27637,0.16589,0.11011
LTR,27652,0.35682,0.17384
LTR,27667,0.69369,0.96702
LTR,2767,0.73097,0.93953
LTR,27682,0.00000,0.00000
LTR,27697,0.10314,0.23992
LTR,277,0.83479,0.22876
LTR,27712,0.16389,0.04297
LTR,27727,0.15990,0.31272
LTR,27742,0.21399,0.03125
LTR,27757,0.66702,0.27874
LTR,27772,0.50291,0.23372
LTR,27787,0.90030,0.95805
LTR,27802,0.25314,0.39347
LTR,27817,0.38523,0.24829
LTR,2782,0.60844,0.37491
LTR,27832,0.29659,0.13329
LTR,27847,0.06398,0.06250
LTR,27862,0.14690,0.24829
LTR,27877,0.58654,0.09198
LTR,27892,0.53120,0.31331
LTR,27907,0.69281,0.94518
LTR,27922,0.20977,0.24731
LTR,27937,0.52365,0.39130
LTR,27952,0.10128,0.02734
LTR,27967,0.57533,0.52151
LTR,2797,0.22575,0.32230
LTR,27982,1.00000,0.34642
LTR,27997,0.65153,0.31680
LTR,28012,0.10159,0.03125
LTR,28027,0.62837,0.33552
LTR,28042,0.44903,0.57771
LTR,28057,0.52612,0.58434
LTR,28072,0.61643,0.08813
LTR,28087,0.63230,0.53998
LTR,28102,0.92765,0.94336
LTR,28117,0.34263,0.31272
LTR,28132,0.29998,0.21492
LTR,28147,0.09242,0.02734
LTR,28162,0.41613,0.20930
LTR,28177,0.42093,0.43006
LTR,28207,0.24159,0.35004
LTR,28222,0.76064,0.07481
LTR,28237,0.62469,0.12666
LTR,28252,0.42221,0.34206
LTR,28267,0.43068,0.04688
LTR,2827,0.27681,0.11583
LTR,28282,0.79154,0.94141
LTR,28297,0.85681,0.95971
LTR,28312,0.85734,0.30837
LTR,28327,0.28712,0.10606
LTR,28342,0.64730,0.49975
LTR,28357,0.79948,0.31272
LTR,28372,0.55315,0.09180
LTR,28387,0.58913,0.96700
LTR,28402,0.32637,0.13062
LTR,28417,0.00000,0.00000
LTR,2842,0.28912,0.07715
LTR,28432,0.43729,0.27997
LTR,28447,0.76987,0.29579
LTR,28462,0.00000,0.00000
LTR,28477,0.54149,0.95786
LTR,28492,0.33686,0.28934
LTR,28507,0.20712,0.09297
LTR,28522,0.51252,0.28399
LTR,28537,0.15564,0.16625
LTR,28552,0.53856,0.37558
LTR,28567,0.70584,0.56725
LTR,2857,0.42260,0.06844
LTR,28582,0.17654,0.06451
LTR,28597,0.23701,0.28323
LTR,28612,0.47455,0.36737
LTR,28627,0.88754,0.62741
LTR,28642,0.60894,0.40839
LTR,28657,0.33916,0.06250
LTR,28672,0.86635,0.95786
LTR,28687,0.52180,0.50658
LTR,28702,0.47843,0.22483
LTR,28717,0.64730,0.49975
LTR,2872,0.13298,0.08472
LTR,28732,0.18483,0.13151
LTR,28747,0.66431,0.60583
LTR,28762,0.07709,0.11011
LTR,28777,0.52484,0.57576
LTR,28792,0.77244,0.45581
LTR,28807,0.43071,0.15710
LTR,28822,0.17654,0.06451
LTR,28837,0.64471,0.54394
LTR,28852,0.08265,0.04590
LTR,28867,0.36597,0.32505
LTR,2887,0.85437,0.53858
LTR,28882,0.42750,0.38867
LTR,28897,0.70729,0.20443
LTR,28912,0.67404,0.58309
LTR,28927,0.59826,0.33007
LTR,28942,0.20888,0.13151
LTR,28957,0.53692,0.64198
LTR,28972,1.00000,0.93750
LTR,29002,0.32958,0.09180
LTR,29017,0.50002,0.28951
LTR,2902,0.73955,0.54752
LTR,29032,0.74201,0.71242
LTR,29047,0.64557,0.28172
LTR,29062,0.50355,0.51880
LTR,29077,0.56540,0.51369
LTR,29092,0.61471,0.20972
LTR,29107,0.84960,0.94475
LTR,29122,0.92503,0.62991
LTR,29137,0.57992,0.52419
LTR,29152,0.78449,0.40772
LTR,29167,0.57986,0.38112
LTR,2917,0.19679,0.22479
LTR,29182,0.42857,0.34642
LTR,29197,0.77389,0.24587
LTR,292,0.48320,0.27101
LTR,29212,0.46331,0.34642
LTR,29227,0.44639,0.16625
LTR,29242,0.34247,0.27742
LTR,29257,0.26129,0.27743
LTR,29287,0.58717,0.42296
LTR,29302,0.79269,0.52349
LTR,29317,0.38728,0.59498
LTR,2932,0.69521,0.51984
LTR,29332,0.64282,0.95260
LTR,29347,0.68286,0.94415
LTR,29362,0.65729,0.56055
LTR,29377,1.00000,0.06250
LTR,29392,0.34197,0.19800
LTR,29407,0.46079,0.57634
LTR,29422,0.32089,0.51247
LTR,29437,0.18436,0.29435
LTR,29452,0.45904,0.14192
LTR,29467,0.39185,0.19800
LTR,2947,0.55991,0.18001
LTR,29482,0.20206,0.09180
LTR,29497,0.70584,0.56725
LTR,29512,0.47037,0.21797
LTR,29527,0.43661,0.30837
LTR,29542,0.57972,0.95713
LTR,29557,0.43071,0.15710
LTR,29572,0.40203,0.27593
LTR,29587,0.83445,0.23828
LTR,29602,0.48523,0.07715
LTR,29617,0.60602,0.44494
LTR,2962,0.65885,0.94553
LTR,29632,0.38012,0.32529
LTR,29647,0.81598,0.95558
LTR,29662,0.35590,0.19383
LTR,29677,0.39832,0.40056
LTR,29692,0.80331,0.29720
LTR,29707,0.60924,0.19800
LTR,29722,0.03275,0.05688
LTR,29737,0.57393,0.53290
LTR,29752,0.32142,0.08472
LTR,29767,0.92741,0.96226
LTR,2977,0.50319,0.22479
LTR,29782,0.16715,0.10278
LTR,29797,0.09424,0.05688
LTR,29812,0.27429,0.52439
LTR,29827,0.22592,0.27192
LTR,29842,0.55315,0.26367
LTR,29857,0.36581,0.30885
LTR,29872,0.63044,0.95846
LTR,29887,0.21399,0.03125
LTR,29902,0.65832,0.95797
LTR,29917,0.62155,0.33217
LTR,2992,0.72273,0.30493
LTR,29932,0.41658,0.14638
LTR,29947,0.76646,0.31164
LTR,29962,0.39770,0.15565
LTR,29977,0.61273,0.66200
LTR,29992,0.00000,0.00000
LTR,3007,0.10277,0.08203
LTR,3022,0.50926,0.34642
LTR,3037,0.67621,0.36821
LTR,3052,0.24379,0.29462
LTR,3067,0.18086,0.12020
LTR,307,0.59826,0.33007
LTR,3082,0.61740,0.50195
LTR,3097,0.51046,0.32529
LTR,3112,0.23720,0.01250
LTR,3127,0.78284,0.95345
LTR,3142,0.31384,0.20767
LTR,3157,0.59744,0.17122
LTR,3172,0.15932,0.30063
LTR,3187,0.42407,0.14873
LTR,3202,0.51160,0.30132
LTR,3217,0.72767,0.39960
LTR,322,0.76342,0.96267
LTR,3232,0.18042,0.10606
LTR,3247,0.41494,0.09375
LTR,3262,0.25145,0.06451
LTR,3277,0.30534,0.14873
LTR,3292,0.92156,0.94766
LTR,3307,0.26200,0.08472
LTR,3322,0.68860,0.34642
LTR,3337,0.00000,0.00000
LTR,3352,0.32082,0.20746
LTR,3367,0.45661,0.70415
LTR,337,0.55807,0.95319
LTR,3382,0.33749,0.31328
LTR,3397,0.32429,0.17805
LTR,3412,0.38685,0.03125
LTR,3427,0.46209,0.33960
LTR,3442,1.00000,0.34642
LTR,3457,0.58447,0.30367
LTR,3472,0.67249,0.27742
LTR,3487,0.10026,0.03255
LTR,3502,0.98330,0.96692
LTR,3517,0.43265,0.31049
LTR,352,0.65532,0.38112
LTR,3532,0.28092,0.22526
LTR,3547,0.74954,0.96258
LTR,3562,0.65319,0.52558
LTR,3577,0.44639,0.16625
LTR,3592,0.77886,0.95014
LTR,3607,0.61075,0.32529
LTR,3622,0.21399,0.09375
LTR,3637,0.37606,0.38712
LTR,3652,0.42730,0.17519
LTR,3667,0.38685,0.01250
LTR,367,0.48811,0.22526
LTR,3682,0.19234,0.07422
LTR,3697,0.15118,0.10645
LTR,37,0.27530,0.07886
LTR,3712,0.36690,0.35955
LTR,3727,0.58904,0.21492
LTR,3742,0.05365,0.01250
LTR,3757,0.67249,0.27742
LTR,3772,0.59688,0.27192
LTR,3787,0.43232,0.22121
LTR,3802,0.52963,0.19973
LTR,3817,0.51028,0.95192
LTR,382,0.68860,0.34642
LTR,3832,1.00000,0.34642
LTR,3847,0.07923,0.04297
LTR,3862,0.00000,0.00000
LTR,3877,0.66422,0.41121
LTR,3892,0.63996,0.37558
LTR,3907,0.03718,0.05078
LTR,3922,1.00000,0.09180
LTR,3937,0.64042,0.96692
LTR,3952,0.75395,0.37735
LTR,3967,0.08265,0.04590
LTR,3982,0.92885,0.96709
LTR,3997,0.38012,0.24759
LTR,4012,0.62255,0.35817
LTR,4027,0.29680,0.23992
LTR,4042,0.15790,0.14101
LTR,4057,0.62774,0.95322
LTR,4072,0.61696,0.23372
LTR,4087,0.28092,0.22526
LTR,4102,0.21430,0.15195
LTR,4117,0.47599,0.18579
LTR,412,0.06935,0.01562
LTR,4132,0.93262,0.95134
LTR,4147,0.33901,0.21492
LTR,4162,0.76987,0.29579
LTR,4177,0.04218,0.01562
LTR,4192,0.57337,0.18218
LTR,4207,0.46764,0.55030
LTR,4222,0.50880,0.12041
LTR,4237,0.17738,0.23366
LTR,4252,0.38785,0.20020
LTR,4267,0.62876,0.27017
LTR,427,0.68642,0.23329
LTR,4297,0.79948,0.31272
LTR,4312,0.30697,0.40760
LTR,4327,0.55237,0.29765
LTR,4342,0.18438,0.09180
LTR,4357,0.65682,0.26949
LTR,4372,0.08738,0.06177
LTR,4387,0.03582,0.04297
LTR,4402,0.68863,0.27180
LTR,4417,0.36294,0.13151
LTR,442,1.00000,0.34642
LTR,4432,0.93771,0.28710
LTR,4447,0.74890,0.57661
LTR,4462,0.18980,0.05703
LTR,4477,0.88695,0.32529
LTR,4492,0.37419,0.14192
LTR,4507,0.51818,0.17384
LTR,4522,0.13343,0.10606
LTR,4537,0.40209,0.30885
LTR,4552,0.51905,0.22876
LTR,4567,0.00000,0.00000
LTR,457,0.20253,0.06641
LTR,4582,0.65355,0.94626
LTR,4597,0.25465,0.18020
LTR,4612,0.42433,0.34642
LTR,4627,0.59180,0.39130
LTR,4642,0.75996,0.29193
LTR,4657,0.24692,0.31272
LTR,4672,0.57337,0.18218
LTR,4687,0.65283,0.94153
LTR,4702,0.61027,0.44655
LTR,4717,0.77673,0.45746
LTR,472,0.76526,0.26823
LTR,4732,0.00000,0.00000
LTR,4747,0.55373,0.51630
LTR,4762,0.37802,0.26949
LTR,4777,0.32945,0.26502
LTR,4792,0.24426,0.09766
LTR,4807,0.08703,0.01562
LTR,4822,0.83423,0.47224
LTR,4852,0.32159,0.16797
LTR,4867,0.24591,0.35620
LTR,487,0.36901,0.37491
LTR,4882,0.47793,0.31473
LTR,4897,0.14312,0.21289
LTR,4912,0.81909,0.95112
LTR,4927,0.29039,0.28843
LTR,4942,0.79240,0.94136
LTR,4957,0.69325,0.70415
LTR,4972,0.35719,0.38145
LTR,4987,0.38523,0.24829
LTR,5002,0.90881,0.96722
LTR,5017,0.89505,0.95337
LTR,502,0.07133,0.03125
LTR,5032,0.00000,0.00000
LTR,5047,0.76646,0.31164
LTR,5062,0.53386,0.18299
LTR,5077,0.89504,0.96808
LTR,5092,0.55052,0.31272
LTR,5107,0.55087,0.35817
LTR,5122,0.59568,0.54344
LTR,5137,0.59772,0.94766
LTR,5152,0.77758,0.57677
LTR,5167,0.23720,0.01250
LTR,517,0.71523,0.54589
LTR,5182,0.70713,0.58879
LTR,5197,0.32884,0.44279
LTR,52,0.80118,0.50410
LTR,5212,0.09242,0.02734
LTR,5227,0.11506,0.04297
LTR,5242,0.52856,0.49586
LTR,5257,0.52396,0.35186
LTR,5272,0.44972,0.94218
LTR,5302,0.51252,0.28399
LTR,5317,0.55315,0.09180
LTR,532,0.38357,0.16626
LTR,5332,0.54805,0.34406
LTR,5347,0.64791,0.55396
LTR,5362,0.23120,0.13924
LTR,5377,0.26427,0.22479
LTR,5392,0.73659,0.09302
LTR,5407,0.55971,0.23769
LTR,5422,0.59274,0.47342
LTR,5437,0.75108,0.95297
LTR,5452,0.40408,0.29435
LTR,5467,0.68642,0.23329
LTR,547,1.00000,0.13264
LTR,5482,0.35170,0.23769
LTR,5497,0.77790,0.60543
LTR,5512,0.96288,0.94889
LTR,5527,0.38555,0.18001
LTR,5542,0.42645,0.53272
LTR,5557,0.82271,0.37491
LTR,5572,1.00000,0.34642
LTR,5587,0.56397,0.70821
LTR,5602,0.61308,0.26223
LTR,5617,0.05365,0.01250
LTR,562,0.57064,0.03548
LTR,5632,0.13121,0.08750
LTR,5647,0.52041,0.30644
LTR,5662,0.49146,0.32505
LTR,5677,0.58064,0.53766
LTR,5692,0.40295,0.43188
LTR,5707,0.75996,0.29193
LTR,5722,0.51458,0.17122
LTR,5737,0.76248,0.36737
LTR,5752,0.00000,0.00000
LTR,5767,0.52597,0.50317
LTR,577,0.47452,0.25083
LTR,5782,0.65399,0.94067
LTR,5797,0.00000,0.00000
LTR,5812,0.16873,0.13300
LTR,5827,0.48248,0.94810
LTR,5842,0.42629,0.44394
LTR,5857,0.45140,0.58423
LTR,5872,0.55117,0.14873
LTR,5887,0.86619,0.50273
LTR,5902,0.48347,0.29435
LTR,5917,0.64691,0.26502
LTR,592,0.61872,0.95714
LTR,5932,0.26777,0.07520
LTR,5947,0.00000,0.00000
LTR,5962,0.24920,0.28710
LTR,5977,0.89329,0.31960
LTR,5992,0.61346,0.15710
LTR,6007,0.58466,0.21289
LTR,6022,0.08235,0.05078
LTR,6037,0.34437,0.12020
LTR,6052,0.44923,0.28341
LTR,6067,0.88744,0.49975
LTR,607,0.37447,0.94153
LTR,6082,0.46318,0.10645
LTR,6097,0.16958,0.02083
LTR,6112,0.37419,0.14192
LTR,6127,0.26832,0.23299
LTR,6142,0.85393,0.32505
LTR,6157,0.70210,0.29435
LTR,6172,0.37167,0.18750
LTR,6187,0.08576,0.10645
LTR,6202,0.88695,0.32529
LTR,6217,0.31920,0.12258
LTR,622,0.26200,0.08472
LTR,6232,0.22806,0.23600
LTR,6247,0.19601,0.12041
LTR,6262,0.54002,0.52014
LTR,6277,0.18863,0.09198
LTR,6292,0.30866,0.18960
LTR,6307,0.38325,0.24860
LTR,6322,0.88695,0.32529
LTR,6337,0.55497,0.41498
LTR,6352,0.15079,0.10606
LTR,6367,0.25607,0.22943
LTR,637,0.68860,0.34642
LTR,6382,0.08549,0.11583
LTR,6397,0.58977,0.58879
LTR,6412,0.21185,0.33217
LTR,6427,0.42466,0.52036
LTR,6442,1.00000,0.06250
LTR,6457,0.42610,0.34947
LTR,6472,0.52693,0.35023
LTR,6487,1.00000,0.34642
LTR,6502,0.50852,0.95337
LTR,6517,0.69921,0.29462
LTR,652,0.46914,0.31960
LTR,6532,0.41796,0.58309
LTR,6547,0.51279,0.50430
LTR,6562,0.31920,0.12258
LTR,6577,0.44280,0.94680
LTR,6592,0.26667,0.17440
LTR,6607,0.72576,0.95204
LTR,6622,0.16177,0.10091
LTR,6637,0.62837,0.33552
LTR,6652,0.11905,0.10278
LTR,6667,0.58587,0.43066
LTR,667,0.38940,0.94243
LTR,6682,0.63298,0.31300
LTR,6697,0.63258,0.49117
LTR,67,0.48102,0.25050
LTR,6712,0.35285,0.19269
LTR,6727,0.58294,0.96698
LTR,6742,0.43942,0.21395
LTR,6757,0.55315,0.09180
LTR,6772,0.65682,0.26949
LTR,6787,0.70417,0.96731
LTR,6802,0.80275,0.59043
LTR,6817,0.62433,0.39919
LTR,682,0.66938,0.56010
LTR,6832,0.29638,0.37880
LTR,6847,0.29659,0.15710
LTR,6862,0.37891,0.28710
LTR,6877,0.61308,0.26223
LTR,6892,0.13121,0.01250
LTR,6907,0.47793,0.31473
LTR,6922,0.27051,0.11068
LTR,6937,0.75173,0.53272
LTR,6952,0.07133,0.03125
LTR,6967,0.28960,0.12298
LTR,697,0.90262,0.33217
LTR,6982,0.74295,0.30132
LTR,6997,0.30259,0.21395
LTR,7,0.19823,0.28296
LTR,7012,0.81369,0.95655
LTR,7027,0.76119,0.96680
LTR,7042,0.47163,0.40395
LTR,7057,0.48352,0.28027
LTR,7072,0.41336,0.33786
LTR,7087,0.28960,0.12298
LTR,7102,0.39113,0.14583
LTR,7117,0.59411,0.48804
LTR,712,0.45967,0.33217
LTR,7132,0.83302,0.95192
LTR,7147,0.20563,0.14009
LTR,7162,0.69842,0.52439
LTR,7177,0.34599,0.25633
LTR,7192,1.00000,0.34642
LTR,7207,0.91143,0.30132
LTR,7222,0.01843,0.01562
LTR,7237,0.62795,0.63451
LTR,7252,0.53072,0.05078
LTR,7267,0.91253,0.33552
LTR,727,0.63995,0.26304
LTR,7282,0.45506,0.19559
LTR,7297,0.50524,0.70684
LTR,7312,0.68853,0.12109
LTR,7327,0.53619,0.50768
LTR,7342,0.05653,0.02083
LTR,7357,0.40120,0.15039
LTR,7372,0.46327,0.49473
LTR,7387,0.51519,0.47958
LTR,7402,0.39569,0.20443
LTR,7417,0.67817,0.95297
LTR,742,0.84056,0.48924
LTR,7432,0.76256,0.94729
LTR,7447,0.52689,0.23299
LTR,7462,0.26187,0.46875
LTR,7477,0.36376,0.30367
LTR,7492,0.78601,0.28934
LTR,7507,0.59822,0.25554
LTR,7522,0.64847,0.94626
LTR,7537,0.74295,0.30132
LTR,7552,0.29719,0.20972
LTR,7567,0.40936,0.28371
LTR,757,0.20208,0.06250
LTR,7582,0.91949,0.28172
LTR,7597,0.56132,0.31960
LTR,7612,0.87173,0.96741
LTR,7627,0.21827,0.09576
LTR,7642,0.48828,0.56994
LTR,7657,0.90262,0.33217
LTR,7672,0.77389,0.24587
LTR,7687,0.85393,0.32505
LTR,7702,0.28063,0.26923
LTR,7717,0.26400,0.11011
LTR,772,0.55315,0.96680
LTR,7732,0.32653,0.28200
LTR,7747,0.48347,0.29435
LTR,7762,0.32650,0.34642
LTR,7777,0.83187,0.11011
LTR,7792,0.40273,0.15137
LTR,7807,0.42730,0.17519
LTR,7822,0.24782,0.39301
LTR,7837,0.61256,0.61684
LTR,7852,0.62440,0.95355
LTR,7867,0.21740,0.07520
LTR,787,0.20712,0.09297
LTR,7882,0.91253,0.33552
LTR,7897,0.42857,0.34642
LTR,7912,0.55944,0.24829
LTR,7927,0.41032,0.21761
LTR,7942,0.00000,0.00000
LTR,7957,0.12851,0.11597
LTR,7972,0.70584,0.56725
LTR,7987,0.80501,0.60021
LTR,8002,0.63181,0.50273
LTR,8017,0.66395,0.95846
LTR,802,0.61643,0.08813
LTR,8032,0.18026,0.14673
LTR,8047,0.68642,0.23329
LTR,8062,0.62207,0.40196
LTR,8077,0.60625,0.48515
LTR,8092,0.27897,0.11876
LTR,8107,0.12908,0.03548
LTR,8122,0.89524,0.61386
LTR,8137,0.52664,0.39669
LTR,8152,0.32971,0.23564
LTR,8167,0.77428,0.70500
LTR,817,0.11218,0.07481
LTR,8182,0.76646,0.31164
LTR,8197,0.45967,0.33217
LTR,82,0.50355,0.36821
LTR,8212,0.34659,0.57165
LTR,8227,0.70210,0.29435
LTR,8242,0.39633,0.27180
LTR,8257,0.39609,0.94371
LTR,8272,0.85083,0.18579
LTR,8287,0.79434,0.94442
LTR,8302,0.21827,0.07520
LTR,8317,0.55944,0.24829
LTR,832,0.44088,0.13216
LTR,8332,0.73122,0.46543
LTR,8347,0.47767,0.61507
LTR,8362,0.47311,0.18610
LTR,8377,0.57209,0.95355
LTR,8392,0.62709,0.96222
LTR,8407,0.70584,0.56725
LTR,8437,0.45506,0.22149
LTR,8452,0.58064,0.53766
LTR,8467,0.30966,0.41522
LTR,847,0.90177,0.52118
LTR,8482,0.29541,0.26050
LTR,8497,0.46984,0.95112
LTR,8512,0.72461,0.94637
LTR,8527,0.75405,0.95378
LTR,8542,0.04600,0.04647
LTR,8557,0.55059,0.71219
LTR,8572,0.26123,0.39021
LTR,8587,0.62238,0.54752
LTR,8602,0.78545,0.53998
LTR,8617,0.41983,0.57126
LTR,862,0.68584,0.34841
LTR,8632,0.41587,0.94653
LTR,8647,0.73012,0.95743
LTR,8662,0.41646,0.32497
LTR,8677,0.78545,0.53998
LTR,8692,0.49011,0.31189
LTR,8707,0.24755,0.25349
LTR,8722,0.94396,0.59338
LTR,8737,0.80963,0.95443
LTR,8752,0.24789,0.15710
LTR,8767,0.27279,0.18774
LTR,877,0.59341,0.94713
LTR,8782,0.35032,0.13143
LTR,8797,0.30775,0.09541
LTR,8812,0.00000,0.00000
LTR,8827,0.70025,0.45177
LTR,8842,0.31278,0.22241
LTR,8857,0.21586,0.14192
LTR,8872,0.66150,0.96747
LTR,8887,0.12288,0.14185
LTR,8902,0.56850,0.29838
LTR,8917,0.35273,0.47958
LTR,892,0.51905,0.22876
LTR,8932,0.87359,0.94572
LTR,8947,0.65682,0.26949
LTR,8962,0.59526,0.22559
LTR,8977,0.33612,0.22526
LTR,8992,0.25906,0.08374
LTR,9022,0.45111,0.45093
LTR,9037,0.61075,0.32529
LTR,9052,0.70752,0.58220
LTR,9067,0.38685,0.03125
LTR,907,0.79948,0.31272
LTR,9082,0.46833,0.10606
LTR,9097,0.51279,0.50430
LTR,9112,0.28707,0.22943
LTR,9127,0.47455,0.36737
LTR,9142,0.62837,0.33552
LTR,9157,0.58432,0.94705
LTR,9172,0.36473,0.94067
LTR,9187,0.40341,0.53272
LTR,9202,0.13254,0.23992
LTR,9217,0.00000,0.00000
LTR,922,0.41336,0.25633
LTR,9232,0.55438,0.94935
LTR,9247,0.05365,0.01250
LTR,9262,0.48347,0.29435
LTR,9277,0.48371,0.95003
LTR,9292,0.14149,0.08813
LTR,9307,0.85734,0.30837
LTR,9322,0.27016,0.45223
LTR,9337,0.88695,0.32529
LTR,9352,0.59612,0.57085
LTR,9367,0.69716,0.94043
LTR,937,0.56346,0.17805
LTR,9382,0.26739,0.05599
LTR,9397,1.00000,0.11011
LTR,9412,0.45596,0.29436
LTR,9427,0.29349,0.53998
LTR,9442,0.41248,0.12298
LTR,9457,0.00000,0.00000
LTR,9472,0.49462,0.41121
LTR,9487,0.52518,0.51669
LTR,9502,0.66517,0.53272
LTR,9517,0.14689,0.07266
LTR,952,0.26262,0.09180
LTR,9532,0.61291,0.95932
LTR,9547,0.50000,0.31250
LTR,9562,0.45632,0.94518
LTR,9577,1.00000,0.11011
LTR,9592,0.47793,0.31473
LTR,9607,0.41101,0.27192
LTR,9622,0.73662,0.54963
LTR,9637,0.64557,0.28172
LTR,9652,0.85465,0.61418
LTR,9667,0.75395,0.37735
LTR,967,0.53941,0.33368
LTR,9682,0.48517,0.17351
LTR,9697,0.54125,0.28934
LTR,97,0.66563,0.95003
LTR,9712,0.23218,0.24013
LTR,9727,0.04374,0.01250
LTR,9742,0.88282,0.55566
LTR,9757,0.47133,0.94972
LTR,9772,0.61628,0.96719
LTR,9787,0.31277,0.04688
LTR,9802,0.51046,0.32529
LTR,9817,0.28184,0.33552
LTR,982,1.00000,0.34642
LTR,9832,0.93977,0.53998
LTR,9847,0.02957,0.04297
LTR,9862,0.96211,0.50645
LTR,9877,0.24378,0.47165
LTR,9892,0.48917,0.16625
LTR,9907,0.23464,0.02083
LTR,9922,0.38702,0.29193
LTR,9937,0.49437,0.95067
LTR,9952,0.93002,0.96808
LTR,9967,0.91490,0.94100
LTR,997,0.76804,0.94442
LTR,9982,0.84247,0.94386
LTR,9997,0.00000,0.00000
