runid,topic,ndcg@5,err@5
indri,1,0.11305,0.25000
indri,10,0.04374,0.05000
indri,11,0.66084,0.45156
indri,12,0.30079,0.28750
indri,13,0.00000,0.00000
indri,14,0.00000,0.00000
indri,15,0.38357,0.43750
indri,16,0.00000,0.00000
indri,17,0.28960,0.41699
indri,18,0.40379,0.42500
indri,19,0.00000,0.00000
indri,2,0.90262,0.86211
indri,21,0.00000,0.00000
indri,22,0.48523,0.79688
indri,23,0.20548,0.32500
indri,24,0.00000,0.00000
indri,25,0.11305,0.25000
indri,26,0.39569,0.77083
indri,27,0.00000,0.00000
indri,28,0.38357,0.54688
indri,29,0.00000,0.00000
indri,3,0.14607,0.18750
indri,30,0.51684,0.56875
indri,31,0.00000,0.00000
indri,32,0.20548,0.32500
indri,33,0.35396,0.48438
indri,34,0.16174,0.29688
indri,35,0.32704,0.53125
indri,36,0.11305,0.25000
indri,37,0.00000,0.00000
indri,38,0.21827,0.26562
indri,39,0.00000,0.00000
indri,4,0.00000,0.00000
indri,40,0.16958,0.25000
indri,41,0.24426,0.36250
indri,42,0.00000,0.00000
indri,43,0.00000,0.00000
indri,44,0.00000,0.00000
indri,45,0.34860,0.29375
indri,46,0.51905,0.79375
indri,47,0.78601,0.82656
indri,48,0.11305,0.25000
indri,49,0.00000,0.00000
indri,5,0.10159,0.12500
indri,50,0.00000,0.00000
indri,6,0.00000,0.00000
indri,7,0.10026,0.12083
indri,8,0.00000,0.00000
indri,9,0.23642,0.21458
