runid,topic,ndcg@5,err@5
indri,101,0.51905,0.43555
indri,102,0.00000,0.00000
indri,103,0.11305,0.12500
indri,104,0.00000,0.00000
indri,105,0.30312,0.16146
indri,106,0.06195,0.04167
indri,107,0.00000,0.00000
indri,108,1.00000,0.57535
indri,109,0.00000,0.00000
indri,110,0.00000,0.00000
indri,111,0.10557,0.13737
indri,112,0.00000,0.00000
indri,113,0.00000,0.00000
indri,114,0.07133,0.06250
indri,115,0.07396,0.03125
indri,116,0.14535,0.37500
indri,117,0.14607,0.21875
indri,118,0.38357,0.26562
indri,119,0.00000,0.00000
indri,120,0.00000,0.00000
indri,121,0.17654,0.12288
indri,122,0.10104,0.04167
indri,123,0.68435,0.52148
indri,124,0.06384,0.08815
indri,125,0.00000,0.00000
indri,126,0.00000,0.00000
indri,127,0.65682,0.48919
indri,128,0.14607,0.09375
indri,129,0.00000,0.00000
indri,130,0.19131,0.30081
indri,131,0.00000,0.00000
indri,132,0.00000,0.00000
indri,133,0.00000,0.00000
indri,134,0.00000,0.00000
indri,135,0.00000,0.00000
indri,136,0.33916,0.87500
indri,137,0.10325,0.21159
indri,138,0.83042,0.22036
indri,139,0.00000,0.00000
indri,140,0.00000,0.00000
indri,141,0.00000,0.00000
indri,142,0.14607,0.03125
indri,143,0.00000,0.00000
indri,144,0.35938,0.19336
indri,145,0.11305,0.12500
indri,146,0.46068,0.20312
indri,147,0.86879,0.56390
indri,148,0.51477,0.34774
indri,149,0.00000,0.00000
indri,150,0.00000,0.00000
