runid,topic,ndcg@20,err@20
lgbm,1,0.31305,0.43299
lgbm,10,0.38716,0.82607
lgbm,11,0.58048,0.86303
lgbm,12,0.01279,0.02083
lgbm,13,0.00000,0.00000
lgbm,14,0.17478,0.17940
lgbm,15,0.55963,0.45200
lgbm,16,0.19147,0.15811
lgbm,17,0.24884,0.41910
lgbm,18,0.31433,0.55936
lgbm,19,0.00000,0.00000
lgbm,2,0.37936,0.47552
lgbm,21,0.40996,0.86134
lgbm,22,0.50371,0.57331
lgbm,23,0.16567,0.40172
lgbm,24,0.06609,0.15347
lgbm,25,0.14538,0.09252
lgbm,26,0.38700,0.56086
lgbm,27,0.45030,0.43250
lgbm,28,0.18816,0.44950
lgbm,29,0.14673,0.18750
lgbm,3,0.33327,0.82081
lgbm,30,0.13820,0.23065
lgbm,31,0.38503,0.47230
lgbm,32,0.05241,0.06946
lgbm,33,0.22691,0.18299
lgbm,34,0.02946,0.06042
lgbm,35,0.72804,0.86304
lgbm,36,0.18166,0.76705
lgbm,37,0.55630,0.75000
lgbm,38,0.04659,0.05590
lgbm,39,0.24934,0.23345
lgbm,4,0.00000,0.00000
lgbm,40,0.41200,0.40590
lgbm,41,0.39789,0.45156
lgbm,42,0.00000,0.00000
lgbm,43,0.69236,0.43374
lgbm,44,0.05330,0.10714
lgbm,45,0.07306,0.28047
lgbm,46,0.70515,0.83912
lgbm,47,0.38935,0.82293
lgbm,48,0.11983,0.08551
lgbm,49,0.29910,0.16488
lgbm,5,0.36654,0.12357
lgbm,50,0.11771,0.09600
lgbm,6,0.06690,0.04951
lgbm,7,0.24247,0.43673
lgbm,8,0.01289,0.01389
lgbm,9,0.02946,0.06042
