runid,topic,ndcg@5,err@5
LTR,19945,0.65638,0.54160
LTR,19946,0.85734,0.30837
LTR,19947,0.54370,0.30885
LTR,19948,0.38385,0.24860
LTR,19949,0.55315,0.09180
LTR,19950,1.00000,0.95558
LTR,19951,0.59583,0.13264
LTR,19953,0.76489,0.94967
LTR,19954,0.95822,0.95140
LTR,19955,0.73452,0.23992
LTR,19956,0.61001,0.41498
LTR,19957,0.83187,0.11011
LTR,19958,0.72397,0.95281
LTR,19959,0.86879,0.12298
LTR,19960,0.43896,0.19548
LTR,19961,0.92548,0.58220
LTR,19962,0.71440,0.44271
LTR,19963,0.84812,0.39651
LTR,19964,0.45506,0.19559
LTR,19965,0.54536,0.19766
LTR,19966,0.55315,0.09180
LTR,19967,0.28295,0.07520
LTR,19968,0.64378,0.32094
LTR,19969,0.79770,0.95297
LTR,19970,0.90423,0.94873
LTR,19972,0.46238,0.05703
LTR,19973,0.87435,0.96805
LTR,19974,0.38555,0.18001
LTR,19975,0.89201,0.94972
LTR,19976,0.77937,0.58454
LTR,19977,0.58483,0.95616
LTR,19978,0.15685,0.05078
LTR,19979,0.66084,0.19559
LTR,19980,1.00000,0.63492
LTR,19981,0.70335,0.51247
LTR,19982,0.95399,0.95281
LTR,19983,0.81070,0.22149
LTR,19984,0.72418,0.19559
LTR,19985,0.92710,0.94381
LTR,19986,0.69837,0.94810
LTR,19987,0.16521,0.02734
LTR,19988,0.74201,0.35731
LTR,19989,0.58726,0.50356
LTR,19990,0.55315,0.09180
LTR,19991,0.58973,0.57072
LTR,19992,0.49146,0.27754
LTR,19993,0.93985,0.95863
LTR,19994,0.56785,0.17384
LTR,19995,0.11479,0.11068
LTR,19996,0.36913,0.25647
LTR,19997,0.90262,0.33217
LTR,19998,0.83993,0.31164
LTR,19999,0.20208,0.06250
LTR,20000,0.84536,0.31331
LTR,20001,0.36528,0.13264
LTR,20002,0.95203,0.94810
LTR,20003,1.00000,0.34642
LTR,20004,1.00000,0.94972
LTR,20005,0.35584,0.04688
LTR,20006,0.00000,0.00000
LTR,20007,0.50926,0.29461
LTR,20008,0.75957,0.94604
LTR,20009,0.68860,0.34642
LTR,20010,0.75387,0.56261
LTR,20011,0.48202,0.49975
LTR,20012,0.68860,0.34642
LTR,20013,0.29266,0.08813
LTR,20014,0.80722,0.40790
LTR,20015,0.36428,0.13643
LTR,20016,0.61310,0.47958
LTR,20017,1.00000,0.13264
LTR,20018,0.50477,0.29720
LTR,20020,1.00000,0.06250
LTR,20021,0.74060,0.95155
LTR,20022,0.63162,0.94442
LTR,20023,0.90988,0.56994
LTR,20024,0.45837,0.28871
LTR,20025,0.68860,0.34642
LTR,20026,0.58904,0.21492
LTR,20027,0.89583,0.57085
LTR,20028,0.92586,0.94492
LTR,20029,0.94745,0.94204
LTR,20030,0.68688,0.18001
LTR,20031,0.62553,0.94273
LTR,20032,0.86014,0.94858
LTR,20033,0.94246,0.96713
LTR,20034,0.68078,0.94729
LTR,20035,0.61306,0.24829
LTR,20036,0.49479,0.11583
LTR,20037,0.28464,0.12041
LTR,20038,0.86265,0.95538
LTR,20039,0.74295,0.30132
LTR,20040,1.00000,0.34642
LTR,20041,0.79948,0.31272
LTR,20042,0.07818,0.01250
LTR,20043,0.94396,0.59338
LTR,20044,0.45506,0.19559
LTR,20045,0.64579,0.70500
LTR,20046,0.10654,0.01250
LTR,20047,0.59068,0.61065
LTR,20048,0.52162,0.16258
LTR,20049,0.61306,0.24829
LTR,20050,0.59583,0.13264
LTR,20051,0.86131,0.29435
LTR,20052,0.69229,0.49023
LTR,20053,0.46011,0.14192
LTR,20054,0.74429,0.28399
LTR,20055,0.75724,0.58030
LTR,20056,0.46485,0.13062
LTR,20057,0.55117,0.14873
LTR,20058,0.79288,0.51166
LTR,20059,0.87641,0.47958
LTR,20060,0.61306,0.24829
LTR,20062,0.69172,0.14873
LTR,20063,0.23720,0.01250
LTR,20064,0.50000,0.06250
LTR,20065,0.93802,0.94808
LTR,20066,0.45904,0.14192
LTR,20067,0.40408,0.29435
LTR,20068,0.87829,0.95409
LTR,20069,0.89554,0.27017
LTR,20070,0.53750,0.30287
LTR,20071,0.94433,0.94847
LTR,20072,0.24789,0.13329
LTR,20073,0.61315,0.06250
LTR,20074,0.64557,0.28172
LTR,20075,0.66707,0.18746
LTR,20076,0.87359,0.94572
LTR,20077,0.87613,0.95710
LTR,20078,0.71784,0.51646
LTR,20079,0.64187,0.93750
LTR,20080,1.00000,0.62991
LTR,20081,0.89149,0.94492
LTR,20082,0.68551,0.94626
LTR,20083,0.65245,0.94810
LTR,20084,0.92359,0.95055
LTR,20085,0.80325,0.71024
LTR,20086,0.71517,0.95620
LTR,20087,0.72288,0.94458
LTR,20088,0.65245,0.94810
LTR,20089,0.44464,0.57525
LTR,20090,0.41129,0.93880
LTR,20091,0.16382,0.12041
LTR,20092,0.62238,0.54752
LTR,20093,0.44068,0.39130
LTR,20094,0.50797,0.51344
LTR,20095,0.57660,0.59842
LTR,20096,0.57983,0.94707
LTR,20097,0.20208,0.06250
LTR,20098,0.52547,0.38867
LTR,20099,0.36831,0.26304
LTR,20100,0.36005,0.13184
LTR,20101,0.54312,0.40790
LTR,20102,0.60648,0.51027
LTR,20103,0.30377,0.21647
LTR,20104,0.63432,0.44225
LTR,20105,0.69373,0.46181
LTR,20106,0.71928,0.57677
LTR,20107,0.16439,0.16626
LTR,20108,0.34908,0.18907
LTR,20109,0.42730,0.15278
LTR,20110,0.80423,0.95888
LTR,20111,0.36721,0.49975
LTR,20112,0.66084,0.19559
LTR,20113,0.69735,0.56261
LTR,20114,0.38033,0.19559
LTR,20115,0.86033,0.66256
LTR,20116,0.60045,0.40375
LTR,20117,0.18882,0.15991
LTR,20118,0.70908,0.59858
LTR,20119,0.09614,0.03750
LTR,20120,0.74487,0.35817
LTR,20121,0.29334,0.33168
LTR,20122,0.72536,0.48515
LTR,20123,0.52963,0.42162
LTR,20124,0.56346,0.17805
LTR,20125,0.42725,0.56261
LTR,20126,0.00000,0.00000
LTR,20127,0.30334,0.11583
LTR,20128,0.15444,0.13264
LTR,20129,0.76082,0.94501
LTR,20130,0.33409,0.17351
LTR,20131,0.67467,0.40790
LTR,20132,0.57809,0.43441
LTR,20133,0.57512,0.14009
LTR,20134,0.80709,0.96754
LTR,20135,0.56053,0.58435
LTR,20136,0.66084,0.35096
LTR,20137,0.40513,0.11876
LTR,20138,0.08804,0.05078
LTR,20139,0.78564,0.95076
LTR,20140,0.50000,0.02083
LTR,20141,0.52547,0.38867
LTR,20142,0.45624,0.60021
LTR,20143,0.92329,0.96758
LTR,20144,0.69628,0.96731
LTR,20146,0.85212,0.96806
LTR,20147,0.63532,0.48922
LTR,20148,0.85280,0.96765
LTR,20149,0.76646,0.31164
LTR,20150,0.81379,0.95230
LTR,20151,0.28042,0.19559
LTR,20152,0.79425,0.58721
LTR,20153,0.28266,0.21289
LTR,20154,0.47793,0.31473
LTR,20155,0.50797,0.51344
LTR,20156,0.42689,0.38379
LTR,20157,0.97799,0.96791
LTR,20158,0.43087,0.34155
LTR,20159,0.51336,0.41498
LTR,20160,0.59152,0.44394
LTR,20161,0.34263,0.31272
LTR,20162,0.48874,0.70117
LTR,20163,0.28075,0.19935
LTR,20164,0.47599,0.18579
LTR,20165,0.42278,0.28591
LTR,20166,0.47805,0.38011
LTR,20167,0.00000,0.00000
LTR,20168,0.45621,0.56942
LTR,20169,0.22272,0.12555
LTR,20170,0.44112,0.31164
LTR,20171,0.74218,0.60167
LTR,20172,0.26275,0.26223
LTR,20173,0.66013,0.45438
LTR,20174,0.82728,0.59008
LTR,20175,0.41336,0.33786
LTR,20176,0.91253,0.33552
LTR,20177,0.43272,0.40375
LTR,20178,0.56806,0.38867
LTR,20179,0.37767,0.27319
LTR,20180,0.49579,0.63643
LTR,20181,0.86192,0.52419
LTR,20182,0.52547,0.38867
LTR,20183,0.58302,0.53198
LTR,20184,0.23625,0.21289
LTR,20185,0.55085,0.42252
LTR,20186,0.52547,0.38867
LTR,20187,0.54436,0.36821
LTR,20188,0.77389,0.24587
LTR,20189,0.72344,0.59958
LTR,20190,0.20400,0.18579
LTR,20191,0.07817,0.03125
LTR,20192,0.41646,0.32497
LTR,20193,0.58701,0.39000
LTR,20194,0.91653,0.62769
LTR,20195,0.84285,0.95960
LTR,20196,0.79982,0.61573
LTR,20197,0.76123,0.96772
LTR,20198,0.66051,0.51143
LTR,20199,0.45558,0.36925
LTR,20200,0.20208,0.06250
LTR,20201,0.16382,0.09937
LTR,20202,0.45918,0.22479
LTR,20203,0.81802,0.41266
LTR,20204,0.19069,0.13300
LTR,20205,0.24789,0.15710
LTR,20206,0.69296,0.95530
LTR,20207,0.52376,0.93750
LTR,20208,0.63093,0.03125
LTR,20209,0.82812,0.61386
LTR,20210,0.46308,0.27742
LTR,20211,0.81963,0.61065
LTR,20212,0.21553,0.23372
LTR,20213,0.48523,0.07715
LTR,20214,0.33654,0.22149
LTR,20215,0.85949,0.96702
LTR,20216,0.21332,0.07266
LTR,20217,0.47244,0.16454
LTR,20218,0.57401,0.56549
LTR,20219,0.31559,0.12476
LTR,20220,0.62876,0.27017
LTR,20221,0.73451,0.57576
LTR,20222,0.41194,0.25554
LTR,20223,0.48184,0.28925
LTR,20224,0.14347,0.21395
LTR,20225,0.85437,0.53858
LTR,20226,0.03892,0.02083
LTR,20227,0.75703,0.60282
LTR,20228,0.26998,0.14453
LTR,20229,0.87305,0.96706
LTR,20230,0.45824,0.17896
LTR,20231,0.22150,0.19383
LTR,20232,0.51178,0.22876
LTR,20233,0.46924,0.37735
LTR,20234,0.83100,0.95787
LTR,20235,0.64755,0.95944
LTR,20236,0.77252,0.95425
LTR,20237,0.42563,0.25050
LTR,20238,0.60771,0.31227
LTR,20239,0.42857,0.34642
LTR,20240,0.00000,0.00000
LTR,20241,0.70153,0.94840
LTR,20242,0.51967,0.22047
LTR,20243,0.28105,0.16626
LTR,20244,0.41982,0.27743
LTR,20245,0.93143,0.96804
LTR,20246,0.55052,0.31272
LTR,20247,0.39490,0.32422
LTR,20248,0.31619,0.22479
LTR,20249,0.48374,0.37880
LTR,20250,0.44208,0.22138
LTR,20251,0.35669,0.24817
LTR,20252,0.36294,0.13151
LTR,20253,0.53297,0.50386
LTR,20254,0.54370,0.23545
LTR,20255,0.70354,0.45581
LTR,20256,0.32570,0.24508
LTR,20257,0.90977,0.95823
LTR,20258,0.34231,0.39621
LTR,20259,0.97277,0.96722
LTR,20260,0.74486,0.95710
LTR,20261,0.49011,0.29615
LTR,20262,0.91653,0.62769
LTR,20263,0.74486,0.95710
LTR,20264,0.51571,0.23992
LTR,20265,0.43086,0.94346
LTR,20266,0.48374,0.37880
LTR,20267,0.38684,0.33217
LTR,20268,0.27727,0.02734
LTR,20269,0.41646,0.32497
LTR,20270,0.22460,0.09937
LTR,20271,0.16958,0.06250
LTR,20272,0.17712,0.09541
LTR,20273,0.49275,0.36360
LTR,20274,0.43122,0.94713
LTR,20275,1.00000,0.34642
LTR,20276,0.11338,0.02734
LTR,20277,0.54370,0.30885
LTR,20278,0.49311,0.94492
LTR,20279,0.61075,0.32529
LTR,20280,0.78350,0.58501
LTR,20281,0.55627,0.60844
LTR,20282,0.72273,0.30493
LTR,20283,0.53386,0.18299
LTR,20284,0.48347,0.29435
LTR,20285,0.61643,0.52671
LTR,20286,0.46331,0.34642
LTR,20287,0.50880,0.12041
LTR,20288,0.90310,0.62109
LTR,20289,0.33750,0.42252
LTR,20290,0.00000,0.00000
LTR,20291,0.07818,0.01250
LTR,20292,0.56164,0.42486
LTR,20293,0.43088,0.24683
LTR,20294,0.84156,0.62045
LTR,20295,0.85465,0.61418
LTR,20296,0.08991,0.06451
LTR,20297,0.30990,0.25391
LTR,20298,0.35511,0.31164
LTR,20299,0.28695,0.20252
LTR,20300,0.93493,0.59008
LTR,20301,0.93002,0.96808
LTR,20302,0.53844,0.30054
LTR,20303,1.00000,0.60021
LTR,20304,0.85470,0.57677
LTR,20305,0.38045,0.27582
LTR,20306,0.53219,0.52151
LTR,20307,0.62238,0.54752
LTR,20308,0.64711,0.57472
LTR,20309,0.37904,0.28399
LTR,20310,1.00000,0.94972
LTR,20311,0.63124,0.20196
LTR,20312,0.37604,0.23600
LTR,20313,0.21805,0.31473
LTR,20314,0.25709,0.16545
LTR,20315,0.20563,0.14009
LTR,20316,0.08703,0.01562
LTR,20317,0.56163,0.40330
LTR,20318,0.67077,0.94766
LTR,20319,0.76168,0.96772
LTR,20320,0.17311,0.09297
LTR,20321,0.44241,0.33351
LTR,20322,0.80386,0.60947
LTR,20323,0.00000,0.00000
LTR,20324,0.48102,0.25050
LTR,20325,0.26647,0.14873
LTR,20326,0.03842,0.01562
LTR,20327,0.87114,0.56698
LTR,20328,0.30497,0.30943
LTR,20329,0.57809,0.43441
LTR,20330,0.64691,0.26502
LTR,20331,1.00000,0.63492
LTR,20332,0.00000,0.00000
LTR,20333,0.60861,0.15278
LTR,20334,0.42080,0.15195
LTR,20335,0.75370,0.09576
LTR,20336,0.65739,0.55566
LTR,20337,0.61698,0.57525
LTR,20338,0.36005,0.04590
LTR,20339,0.65948,0.95323
LTR,20340,0.63995,0.26304
LTR,20342,0.56124,0.52118
LTR,20343,0.39426,0.11583
LTR,20344,0.35478,0.25034
LTR,20345,0.40892,0.13264
LTR,20346,0.42857,0.34642
LTR,20347,0.54312,0.32525
LTR,20348,0.33572,0.07422
LTR,20349,0.63540,0.52439
LTR,20350,0.15402,0.13216
LTR,20351,0.28497,0.14966
LTR,20352,0.09614,0.03750
LTR,20353,0.83370,0.66417
LTR,20354,0.67628,0.51758
LTR,20355,0.52519,0.28591
LTR,20356,0.23442,0.15412
LTR,20357,0.84411,0.57769
LTR,20358,0.56693,0.70669
LTR,20359,0.67651,0.22943
LTR,20360,0.85183,0.44225
LTR,20361,0.75545,0.60183
LTR,20362,0.52331,0.29193
LTR,20363,0.78591,0.95482
LTR,20364,0.85183,0.44225
LTR,20365,0.60641,0.95067
LTR,20366,0.60102,0.20443
LTR,20367,0.80501,0.60021
LTR,20368,0.45169,0.32529
LTR,20369,0.72148,0.54160
LTR,20370,0.71753,0.96055
LTR,20371,0.79393,0.94620
LTR,20372,0.11276,0.05688
LTR,20373,0.71029,0.43188
LTR,20374,0.81515,0.31960
LTR,20375,0.65814,0.55492
LTR,20377,0.50000,0.02083
LTR,20378,0.19942,0.10175
LTR,20379,0.34263,0.31272
LTR,20380,0.59956,0.95500
LTR,20381,0.22953,0.13264
LTR,20382,0.82036,0.96242
LTR,20383,0.84204,0.95308
LTR,20384,0.49279,0.94626
LTR,20385,0.67655,0.43761
LTR,20386,0.06622,0.04297
LTR,20387,0.05710,0.05688
LTR,20388,0.60731,0.94442
LTR,20389,0.48811,0.22526
LTR,20390,0.38684,0.33217
LTR,20391,0.66663,0.62991
LTR,20392,0.24573,0.20699
LTR,20393,0.36376,0.30367
LTR,20394,0.77222,0.95630
LTR,20395,0.49318,0.49872
LTR,20396,0.16958,0.02083
LTR,20397,0.73122,0.46543
LTR,20398,0.92503,0.62991
LTR,20399,0.70292,0.59338
LTR,20400,0.60602,0.44494
LTR,20401,0.37604,0.20900
LTR,20402,0.20400,0.18579
LTR,20403,0.11374,0.04297
LTR,20404,0.66815,0.95482
LTR,20405,0.31099,0.20573
LTR,20406,0.00000,0.00000
LTR,20407,0.50355,0.51880
LTR,20408,0.44273,0.94572
LTR,20409,0.61320,0.94386
LTR,20410,0.10104,0.02083
LTR,20411,0.50861,0.50273
LTR,20412,0.45229,0.26949
LTR,20413,0.48047,0.33689
LTR,20414,0.53856,0.37558
LTR,20415,0.45684,0.36102
LTR,20416,0.35527,0.12298
LTR,20417,0.36471,0.17548
LTR,20418,0.80619,0.47266
LTR,20419,0.65739,0.55566
LTR,20420,0.49004,0.50951
LTR,20421,0.70249,0.57472
LTR,20422,0.57144,0.48196
LTR,20423,0.71710,0.64118
LTR,20424,0.77087,0.95444
LTR,20425,0.66903,0.64882
LTR,20426,0.79369,0.96804
LTR,20427,0.71630,0.23372
LTR,20428,0.68630,0.24829
LTR,20430,0.94635,0.31331
LTR,20431,0.78770,0.10278
LTR,20432,0.42730,0.15278
LTR,20433,0.02014,0.01250
LTR,20434,0.48825,0.35561
LTR,20435,0.63317,0.54986
LTR,20436,0.47083,0.95121
LTR,20437,0.55002,0.37387
LTR,20438,0.44241,0.33351
LTR,20439,0.70032,0.95482
LTR,20440,0.53105,0.47974
LTR,20441,0.31898,0.28399
LTR,20442,0.36187,0.27017
LTR,20443,0.52734,0.94218
LTR,20444,0.81515,0.31960
LTR,20445,0.19151,0.15001
LTR,20446,0.49924,0.35731
LTR,20447,0.69881,0.61774
LTR,20448,0.43202,0.29268
LTR,20449,0.48242,0.37010
LTR,20450,0.50505,0.60118
LTR,20451,0.90262,0.33217
LTR,20452,0.38702,0.29193
LTR,20453,0.47065,0.57771
LTR,20454,0.28003,0.28516
LTR,20455,0.44145,0.50631
LTR,20456,0.77711,0.96763
LTR,20457,0.14724,0.04647
LTR,20458,0.75703,0.60282
LTR,20459,0.71468,0.52151
LTR,20460,0.96496,0.96806
LTR,20461,0.59683,0.37901
LTR,20462,0.85341,0.96804
LTR,20463,0.24747,0.10884
LTR,20464,0.77673,0.95855
LTR,20465,0.55112,0.23372
LTR,20466,0.68072,0.95551
LTR,20467,0.57553,0.34642
LTR,20468,0.81963,0.61065
LTR,20469,0.72535,0.96688
LTR,20470,0.66276,0.15991
LTR,20471,0.22755,0.13300
LTR,20472,0.62582,0.37948
LTR,20473,0.17709,0.20699
LTR,20474,0.38325,0.24860
LTR,20475,0.55748,0.94705
LTR,20476,1.00000,0.29435
LTR,20477,0.93002,0.96808
LTR,20478,0.40664,0.27101
LTR,20479,0.62582,0.43761
LTR,20480,0.68392,0.41884
LTR,20481,0.17363,0.11876
LTR,20482,0.06935,0.01562
LTR,20483,0.91253,0.33552
LTR,20484,0.26200,0.10606
LTR,20485,0.57876,0.21875
LTR,20486,0.91173,0.94933
LTR,20487,0.65162,0.42463
LTR,20488,0.22699,0.17548
LTR,20489,0.61346,0.15710
LTR,20490,0.38130,0.09302
LTR,20491,0.46331,0.34642
LTR,20492,0.47037,0.07422
LTR,20493,0.16916,0.17351
LTR,20494,0.13869,0.06250
LTR,20495,0.95868,0.94863
LTR,20496,0.75263,0.59008
LTR,20497,0.89600,0.46167
LTR,20498,0.60836,0.94325
LTR,20499,0.71088,0.15565
LTR,20500,0.79681,0.24829
LTR,20501,0.62757,0.54400
LTR,20502,0.35704,0.27126
LTR,20503,1.00000,0.34642
LTR,20505,0.59583,0.13264
LTR,20506,0.45506,0.22149
LTR,20507,0.85083,0.18579
LTR,20508,0.54186,0.20602
LTR,20509,0.68863,0.27180
LTR,20510,0.69536,0.51372
LTR,20511,0.74699,0.39919
LTR,20512,1.00000,0.06250
LTR,20513,0.51623,0.15195
LTR,20514,0.59583,0.13264
LTR,20515,0.15273,0.03125
LTR,20516,0.91002,0.31473
LTR,20517,0.79434,0.94442
LTR,20518,0.90177,0.52118
LTR,20519,0.79681,0.24829
LTR,20520,0.55991,0.18001
LTR,20521,0.53678,0.49738
LTR,20522,0.90293,0.96754
LTR,20523,0.26734,0.22615
LTR,20524,0.46328,0.14691
LTR,20525,0.14496,0.12041
LTR,20526,0.28092,0.22526
LTR,20527,0.80361,0.94705
LTR,20528,0.48102,0.22929
LTR,20529,0.36339,0.21219
LTR,20530,0.43756,0.54160
LTR,20531,0.69834,0.95860
LTR,20532,0.83780,0.95765
LTR,20533,0.28273,0.15659
LTR,20534,0.34919,0.12041
LTR,20535,0.31179,0.26334
LTR,20536,0.76804,0.94442
LTR,20537,0.45380,0.54344
LTR,20538,0.73966,0.95674
LTR,20539,0.39203,0.32920
LTR,20540,0.29131,0.27017
LTR,20541,0.81236,0.71241
LTR,20542,0.02802,0.01562
LTR,20543,0.29223,0.31680
LTR,20544,0.32390,0.21797
LTR,20545,0.00000,0.00000
LTR,20546,0.38715,0.12476
LTR,20547,0.37942,0.40894
LTR,20548,0.73974,0.42252
LTR,20549,0.52570,0.27829
LTR,20550,0.77527,0.95674
LTR,20551,0.51336,0.41498
LTR,20552,0.12562,0.09576
LTR,20553,0.26106,0.20252
LTR,20554,0.69372,0.95558
LTR,20555,0.27727,0.02734
LTR,20556,0.06056,0.03548
LTR,20557,0.32945,0.26502
LTR,20558,0.55944,0.24829
LTR,20559,0.63585,0.59181
LTR,20560,0.85734,0.30837
LTR,20561,0.65579,0.37476
LTR,20562,0.48641,0.46950
LTR,20563,0.39482,0.20699
LTR,20564,0.64044,0.70232
LTR,20565,0.90293,0.96754
LTR,20566,0.42189,0.29720
LTR,20567,0.23450,0.09375
LTR,20568,0.19045,0.15462
LTR,20569,0.49091,0.41470
LTR,20570,0.23976,0.24829
LTR,20571,0.63360,0.57826
LTR,20572,0.56124,0.52118
LTR,20573,0.89423,0.96784
LTR,20574,0.56124,0.52118
LTR,20575,0.80018,0.66176
LTR,20576,0.38684,0.33217
LTR,20577,0.91253,0.33552
LTR,20578,0.77222,0.95630
LTR,20579,0.48572,0.50386
LTR,20580,0.00000,0.00000
LTR,20581,0.42836,0.20876
LTR,20582,0.31227,0.12280
LTR,20583,0.52568,0.59611
LTR,20584,0.42278,0.33552
LTR,20585,0.92503,0.62991
LTR,20586,0.90586,0.61156
LTR,20587,0.77669,0.20767
LTR,20588,0.54766,0.43510
LTR,20589,0.70415,0.66411
LTR,20590,0.61380,0.58143
LTR,20591,0.72944,0.59611
LTR,20592,0.32737,0.17310
LTR,20593,0.00000,0.00000
LTR,20594,0.44241,0.33351
LTR,20595,0.21081,0.08750
LTR,20596,0.57553,0.34642
LTR,20597,0.64557,0.28172
LTR,20598,0.12439,0.09766
LTR,20599,0.57040,0.58113
LTR,20600,0.36989,0.22701
LTR,20601,0.55807,0.38237
LTR,20602,0.50355,0.36821
LTR,20603,0.63997,0.58104
LTR,20604,0.19519,0.02083
LTR,20605,0.00000,0.00000
LTR,20606,0.26301,0.13264
LTR,20607,0.51204,0.37491
LTR,20608,0.71928,0.57677
LTR,20609,0.08265,0.04590
LTR,20610,0.95894,0.96805
LTR,20611,0.22245,0.22876
LTR,20612,0.77896,0.61336
LTR,20613,0.21283,0.25083
LTR,20614,0.29627,0.16929
LTR,20615,0.30502,0.28710
LTR,20616,0.11338,0.02734
LTR,20617,0.72752,0.95730
LTR,20618,0.24858,0.18922
LTR,20619,0.72273,0.46221
LTR,20620,0.08703,0.01562
LTR,20621,0.74088,0.30063
LTR,20622,0.56806,0.38867
LTR,20623,0.35154,0.21997
LTR,20624,0.81658,0.57903
LTR,20625,0.46403,0.59278
LTR,20626,0.25193,0.18746
LTR,20627,0.26481,0.11641
LTR,20628,0.56412,0.29579
LTR,20629,0.00000,0.00000
LTR,20630,0.00000,0.00000
LTR,20631,0.58784,0.51147
LTR,20632,0.00000,0.00000
LTR,20633,0.71928,0.57677
LTR,20635,0.28026,0.07422
LTR,20636,0.72273,0.46221
LTR,20637,0.81963,0.61065
LTR,20638,0.43980,0.44655
LTR,20639,0.43507,0.23677
LTR,20640,0.06179,0.03125
LTR,20641,0.74161,0.57068
LTR,20642,0.52963,0.17548
LTR,20643,0.28821,0.27742
LTR,20644,0.10257,0.04647
LTR,20645,0.07358,0.05078
LTR,20646,0.68158,0.70944
LTR,20647,0.52963,0.19973
LTR,20648,0.09464,0.11597
LTR,20649,0.65562,0.55506
LTR,20650,0.43874,0.32684
LTR,20651,0.20855,0.11597
LTR,20652,0.57737,0.42530
LTR,20653,0.63962,0.62741
LTR,20654,0.65341,0.64215
LTR,20655,0.25302,0.25157
LTR,20656,0.27651,0.35620
LTR,20657,0.90262,0.33217
LTR,20658,0.39180,0.57769
LTR,20659,1.00000,0.95944
LTR,20660,0.64568,0.27004
LTR,20661,0.15679,0.07422
LTR,20662,0.42718,0.56920
LTR,20663,0.46462,0.37362
LTR,20664,0.60005,0.48186
LTR,20665,0.18688,0.03750
LTR,20666,0.07818,0.01250
LTR,20667,0.65111,0.95097
LTR,20668,0.63432,0.44225
LTR,20669,0.46066,0.39651
LTR,20670,0.81963,0.61065
LTR,20671,0.27654,0.27192
LTR,20672,0.56615,0.53621
LTR,20673,0.02026,0.01250
LTR,20674,0.61027,0.44655
LTR,20675,0.03012,0.01250
LTR,20676,0.53825,0.70710
LTR,20677,0.18584,0.06250
LTR,20678,0.42343,0.25725
LTR,20679,0.36289,0.36821
LTR,20680,0.32082,0.24860
LTR,20681,0.87001,0.95674
LTR,20682,0.55080,0.40014
LTR,20683,0.16610,0.23828
LTR,20684,1.00000,0.94972
LTR,20685,0.81382,0.44494
LTR,20686,1.00000,0.34642
LTR,20687,0.92756,0.95355
LTR,20688,1.00000,0.13264
LTR,20689,0.00000,0.00000
LTR,20691,0.21399,0.03125
LTR,20692,0.87862,0.94866
LTR,20693,0.87862,0.94866
LTR,20694,0.72905,0.51118
LTR,20695,0.72979,0.34841
LTR,20696,0.33126,0.24311
LTR,20697,0.00000,0.00000
LTR,20698,0.59583,0.13264
LTR,20699,0.48917,0.16625
LTR,20700,0.75254,0.29208
LTR,20701,0.44639,0.24489
LTR,20702,0.39383,0.10884
LTR,20703,0.36707,0.10391
LTR,20704,0.80619,0.47266
LTR,20705,0.78449,0.40772
LTR,20706,0.77389,0.24587
LTR,20707,0.58224,0.47958
LTR,20708,1.00000,0.13264
LTR,20709,0.74622,0.57363
LTR,20710,0.64384,0.94680
LTR,20711,0.39108,0.28591
LTR,20712,0.49343,0.30837
LTR,20713,0.68860,0.34642
LTR,20714,0.62985,0.48171
LTR,20715,0.45506,0.22149
LTR,20716,0.77975,0.53766
LTR,20717,0.54934,0.95500
LTR,20718,1.00000,0.06250
LTR,20719,0.66994,0.95192
LTR,20720,1.00000,0.34642
LTR,20721,0.75996,0.29193
LTR,20722,0.63239,0.52151
LTR,20723,0.40892,0.13264
LTR,20724,1.00000,0.13264
LTR,20725,0.13121,0.01250
LTR,20726,0.85017,0.95944
LTR,20727,0.44958,0.12323
LTR,20728,0.88672,0.94594
LTR,20729,0.81016,0.57155
LTR,20730,0.85737,0.96720
LTR,20731,0.80619,0.47266
LTR,20732,1.00000,0.13264
LTR,20733,0.93952,0.30837
LTR,20734,0.41236,0.18579
LTR,20735,1.00000,0.54752
LTR,20736,0.77759,0.95122
LTR,20737,0.73974,0.42252
LTR,20738,0.94597,0.95888
LTR,20739,0.63703,0.61372
LTR,20740,0.27985,0.10278
LTR,20741,0.63124,0.20196
LTR,20742,0.51252,0.28399
LTR,20743,0.00000,0.00000
LTR,20744,0.95868,0.94863
LTR,20745,0.84430,0.38867
LTR,20746,0.21215,0.04647
LTR,20747,0.52609,0.94346
LTR,20748,0.18584,0.06250
LTR,20749,0.71974,0.15789
LTR,20750,0.55085,0.42252
LTR,20751,0.23534,0.19661
LTR,20752,0.50317,0.94279
LTR,20753,0.08955,0.06177
LTR,20755,0.74995,0.28843
LTR,20756,0.29266,0.08813
LTR,20757,0.83247,0.54963
LTR,20758,0.68563,0.16626
LTR,20759,0.82168,0.94972
LTR,20760,0.54377,0.18746
LTR,20761,0.69373,0.46181
LTR,20762,0.94396,0.59338
LTR,20763,0.60552,0.34124
LTR,20764,0.83898,0.21492
LTR,20765,0.39016,0.09576
LTR,20766,0.75686,0.49117
LTR,20767,1.00000,0.34642
LTR,20768,0.41662,0.10553
LTR,20769,0.69921,0.10553
LTR,20770,0.63432,0.44225
LTR,20771,0.53386,0.18299
LTR,20772,0.78227,0.94810
LTR,20773,0.85890,0.94889
LTR,20774,0.81732,0.95389
LTR,20775,0.91971,0.95674
LTR,20776,0.59583,0.13264
LTR,20777,0.76987,0.29579
LTR,20778,0.80478,0.70558
LTR,20779,0.42857,0.34642
LTR,20780,0.37232,0.26502
LTR,20781,0.75686,0.49117
LTR,20782,0.96689,0.95500
LTR,20783,0.58631,0.25844
LTR,20784,0.69764,0.50980
LTR,20785,0.67621,0.36821
LTR,20786,0.43071,0.15710
LTR,20787,0.75369,0.52118
LTR,20788,0.64252,0.96729
LTR,20789,0.36528,0.13264
LTR,20790,0.75996,0.29193
LTR,20791,0.57553,0.34642
LTR,20792,1.00000,0.24829
LTR,20793,0.85734,0.30837
LTR,20794,0.80481,0.10553
LTR,20795,0.00000,0.00000
LTR,20796,0.88268,0.95140
LTR,20797,0.90235,0.94583
LTR,20798,0.92035,0.95358
LTR,20799,0.38969,0.10091
LTR,20800,0.78695,0.70281
LTR,20801,0.75108,0.95297
LTR,20802,0.86893,0.94784
LTR,20803,0.49479,0.11583
LTR,20804,0.85265,0.50800
LTR,20805,0.90262,0.33217
LTR,20806,0.65682,0.26949
LTR,20807,0.30259,0.21395
LTR,20808,0.64521,0.50636
LTR,20809,0.90038,0.95413
LTR,20810,0.20211,0.01562
LTR,20811,0.54436,0.36821
LTR,20812,0.71068,0.55566
LTR,20813,0.80709,0.96754
LTR,20814,0.41613,0.20930
LTR,20815,0.55577,0.94553
LTR,20816,0.95721,0.95445
LTR,20817,0.95233,0.96804
LTR,20819,0.56132,0.31960
LTR,20820,0.77389,0.24587
LTR,20821,0.91253,0.33552
LTR,20822,0.62837,0.33552
LTR,20823,0.93017,0.95790
LTR,20824,0.83294,0.94873
LTR,20825,0.85017,0.95944
LTR,20826,0.69372,0.95558
LTR,20827,0.79770,0.95297
LTR,20828,0.69372,0.95558
LTR,20829,0.82204,0.94766
LTR,20830,0.83294,0.94873
LTR,20831,0.80630,0.66200
LTR,20832,0.19519,0.02083
LTR,20834,0.58904,0.21492
LTR,20835,0.66266,0.94333
LTR,20836,0.85173,0.95413
LTR,20837,0.81154,0.52014
LTR,20838,0.00000,0.00000
LTR,20839,0.79598,0.21289
LTR,20840,0.62469,0.12666
LTR,20841,0.57337,0.18218
LTR,20842,0.57986,0.38112
LTR,20843,0.79425,0.58721
LTR,20844,0.68860,0.34642
LTR,20845,0.55415,0.94381
LTR,20846,0.40949,0.56202
LTR,20847,0.24153,0.06250
LTR,20848,0.00000,0.00000
LTR,20849,0.90965,0.53621
LTR,20850,0.65337,0.27101
LTR,20851,0.50397,0.20023
LTR,20852,0.55367,0.93750
LTR,20853,0.57553,0.34642
LTR,20854,0.63317,0.54986
LTR,20855,0.68860,0.34642
LTR,20856,0.23477,0.16959
LTR,20857,0.26565,0.20699
LTR,20858,0.49396,0.15789
LTR,20859,0.43071,0.15710
LTR,20860,0.39607,0.33067
LTR,20861,0.00000,0.00000
LTR,20862,0.62913,0.14453
LTR,20863,0.93222,0.96780
LTR,20864,0.95964,0.93750
LTR,20865,0.70566,0.38867
LTR,20866,0.91253,0.33552
LTR,20867,0.88485,0.60021
LTR,20868,0.44099,0.27399
LTR,20869,0.89693,0.95475
LTR,20870,0.00000,0.00000
LTR,20871,0.43729,0.27997
LTR,20872,0.88695,0.32529
LTR,20873,0.66453,0.24146
LTR,20874,0.94433,0.94847
LTR,20875,0.45442,0.30885
LTR,20876,0.54125,0.28934
LTR,20877,0.46176,0.57363
LTR,20878,0.80722,0.40790
LTR,20879,0.75369,0.52118
LTR,20880,0.67249,0.27742
LTR,20881,0.10159,0.03125
LTR,20882,0.88695,0.32529
LTR,20883,0.24630,0.03125
LTR,20884,1.00000,0.95558
LTR,20885,0.63093,0.03125
LTR,20886,0.78570,0.96740
LTR,20887,0.22815,0.13300
LTR,20888,0.44994,0.28516
LTR,20889,0.73312,0.56698
LTR,20890,0.38698,0.14873
LTR,20891,0.72273,0.11011
LTR,20892,0.70392,0.08203
LTR,20893,0.59822,0.25554
LTR,20894,0.72066,0.63492
LTR,20895,0.58918,0.29854
LTR,20896,0.94098,0.58735
LTR,20897,0.39033,0.13501
LTR,20898,0.75195,0.26050
LTR,20899,0.00000,0.00000
LTR,20900,0.73283,0.06451
LTR,20901,0.22529,0.03548
LTR,20903,0.60116,0.25633
LTR,20904,0.93017,0.95790
LTR,20905,0.38297,0.12666
LTR,20906,0.56346,0.20252
LTR,20907,0.95203,0.94810
LTR,20908,0.50855,0.22986
LTR,20909,0.55176,0.35711
LTR,20910,1.00000,0.95558
LTR,20911,0.51046,0.24759
LTR,20912,0.63995,0.09302
LTR,20913,0.84921,0.94810
LTR,20914,1.00000,0.06250
LTR,20916,0.84045,0.95847
LTR,20917,0.73237,0.56771
LTR,20918,0.30079,0.03255
LTR,20919,0.68862,0.50430
LTR,20920,0.50922,0.24512
LTR,20921,0.39016,0.09576
LTR,20922,0.84779,0.95358
LTR,20923,0.85734,0.30837
LTR,20924,0.74228,0.54415
LTR,20925,0.71553,0.95155
LTR,20926,0.78227,0.94810
LTR,20927,0.68860,0.34642
LTR,20928,0.85017,0.94346
LTR,20929,0.66921,0.95358
LTR,20930,0.91972,0.08203
LTR,20931,0.59835,0.36821
LTR,20933,0.70210,0.29435
LTR,20934,0.78433,0.94346
LTR,20935,0.62622,0.95318
LTR,20936,0.35682,0.17384
LTR,20937,0.89177,0.96716
LTR,20939,0.50880,0.12041
LTR,20940,0.70851,0.53057
LTR,20941,0.98601,0.96719
LTR,20942,0.93947,0.94680
LTR,20943,0.54045,0.32193
LTR,20944,0.44540,0.24587
LTR,20945,0.78957,0.30885
LTR,20946,0.77556,0.94645
LTR,20947,0.47037,0.07422
LTR,20948,0.65401,0.22479
LTR,20949,0.61315,0.06250
LTR,20950,0.17299,0.07886
LTR,20951,0.88049,0.96713
LTR,20952,0.79486,0.51147
LTR,20953,0.70210,0.29435
LTR,20954,0.47151,0.46875
LTR,20955,0.29608,0.03125
LTR,20956,0.87722,0.07715
LTR,20957,0.20706,0.18221
LTR,20958,0.83874,0.56725
LTR,20959,0.49776,0.12666
LTR,20960,0.57553,0.34642
LTR,20961,0.70203,0.94381
LTR,20962,0.98512,0.96742
LTR,20964,0.79110,0.44629
LTR,20965,1.00000,0.13264
LTR,20966,0.38685,0.01250
LTR,20967,0.96743,0.95409
LTR,20968,0.68642,0.23329
LTR,20969,0.00000,0.00000
LTR,20971,0.94362,0.55941
LTR,20972,0.52240,0.21761
LTR,20975,0.98499,0.96694
LTR,20976,0.68435,0.10278
LTR,20977,0.95503,0.27017
LTR,20978,0.59037,0.30837
LTR,20979,0.70429,0.22701
LTR,20980,0.50415,0.14673
LTR,20981,0.62155,0.33217
LTR,20982,1.00000,0.34642
LTR,20983,0.63093,0.03125
LTR,20984,0.72359,0.40839
LTR,20986,1.00000,0.96772
LTR,20987,0.85265,0.50800
LTR,20988,0.96288,0.94889
LTR,20989,0.47369,0.15485
LTR,20990,0.88485,0.60021
LTR,20992,0.90881,0.96722
LTR,20993,1.00000,0.34642
LTR,20994,0.96969,0.96720
LTR,20995,0.84430,0.38867
LTR,20996,0.64691,0.26502
LTR,20997,1.00000,0.18750
LTR,20998,0.71968,0.55599
LTR,20999,0.48354,0.11068
LTR,21000,0.75996,0.29193
LTR,21001,0.94690,0.10278
LTR,21002,0.89201,0.94972
LTR,21003,0.79948,0.31272
LTR,21004,0.75840,0.32062
LTR,21005,0.93018,0.95998
LTR,21006,0.85734,0.30837
LTR,21007,0.72531,0.31300
LTR,21008,0.50728,0.37735
LTR,21009,0.47477,0.13264
LTR,21010,0.69343,0.05078
LTR,21011,0.96747,0.10553
LTR,21012,0.88282,0.55566
LTR,21013,0.87905,0.94204
LTR,21014,0.37313,0.15710
LTR,21015,0.78601,0.10606
LTR,21016,0.85208,0.21395
LTR,21017,1.00000,0.94572
LTR,21018,0.73283,0.06451
LTR,21019,0.53173,0.07520
LTR,21020,0.88049,0.54447
LTR,21021,0.67296,0.26334
LTR,21022,0.79948,0.31272
LTR,21023,0.46585,0.22943
LTR,21024,0.83042,0.11583
LTR,21025,1.00000,0.06250
LTR,21026,0.91993,0.49976
LTR,21027,0.61117,0.36837
LTR,21028,0.30672,0.06177
LTR,21029,1.00000,0.34642
LTR,21030,0.92253,0.94346
LTR,21031,0.75779,0.40395
LTR,21032,0.76871,0.70337
LTR,21033,0.89041,0.56894
LTR,21034,1.00000,0.34642
LTR,21035,0.36112,0.52151
LTR,21036,0.60029,0.16959
LTR,21037,0.75951,0.18020
LTR,21038,0.68630,0.24829
LTR,21039,0.16096,0.03750
LTR,21040,0.67651,0.22943
LTR,21041,0.99148,0.96807
LTR,21042,0.40542,0.12041
LTR,21043,0.48850,0.27711
LTR,21044,0.74135,0.20930
LTR,21045,1.00000,0.13264
LTR,21046,0.69172,0.14873
LTR,21047,0.61643,0.08813
LTR,21048,0.91307,0.28399
LTR,21049,0.71217,0.47316
LTR,21050,0.45967,0.33217
LTR,21052,0.29271,0.05688
LTR,21053,1.00000,0.34642
LTR,21054,0.63093,0.03125
LTR,21055,0.66403,0.62029
LTR,21056,0.63828,0.49426
LTR,21057,0.85083,0.18579
LTR,21058,0.67282,0.54752
LTR,21059,0.96195,0.60183
LTR,21060,0.47599,0.18579
LTR,21061,0.92731,0.96708
LTR,21062,0.66084,0.07481
LTR,21063,1.00000,0.93750
LTR,21064,0.53014,0.29579
LTR,21065,0.59822,0.25554
LTR,21066,0.87001,0.95674
LTR,21067,0.85734,0.30837
LTR,21068,1.00000,0.12298
LTR,21069,0.79899,0.94776
LTR,21070,0.70729,0.20443
LTR,21071,0.95312,0.51984
LTR,21072,0.89040,0.47600
LTR,21073,0.97568,0.94680
LTR,21074,1.00000,0.34642
LTR,21075,0.61346,0.15710
LTR,21076,0.97876,0.94516
LTR,21077,0.38523,0.24829
LTR,21078,1.00000,0.62045
LTR,21079,0.39426,0.11583
LTR,21080,0.92689,0.95928
LTR,21081,0.75464,0.27180
LTR,21082,0.82412,0.49975
LTR,21083,0.91253,0.33552
LTR,21084,0.66084,0.07481
LTR,21086,1.00000,0.13264
LTR,21087,1.00000,0.13264
LTR,21089,1.00000,0.62045
LTR,21090,1.00000,0.18750
LTR,21091,0.28877,0.13264
LTR,21092,0.83510,0.95479
LTR,21093,0.91071,0.94683
LTR,21094,0.59223,0.33611
LTR,21095,1.00000,0.62045
LTR,21096,0.50000,0.02083
LTR,21097,0.64322,0.23366
LTR,21098,0.72934,0.56975
LTR,21099,0.57654,0.43102
LTR,21100,1.00000,0.13264
LTR,21101,0.55052,0.31272
LTR,21102,0.97968,0.30644
LTR,21103,0.61346,0.15710
LTR,21105,0.70210,0.29435
LTR,21106,0.84812,0.39651
LTR,21107,1.00000,0.34642
LTR,21109,0.77389,0.24587
LTR,21110,1.00000,0.13264
LTR,21111,0.70694,0.35041
LTR,21112,0.61306,0.24829
LTR,21113,0.62356,0.35711
LTR,21114,1.00000,0.13264
LTR,21115,0.61643,0.08813
LTR,21116,0.74338,0.52113
LTR,21117,0.95822,0.95140
LTR,21118,1.00000,0.13264
LTR,21119,1.00000,0.09180
LTR,21120,0.91253,0.33552
LTR,21121,1.00000,0.13264
LTR,21123,0.96077,0.49426
LTR,21124,0.93262,0.95134
LTR,21125,0.73357,0.94972
LTR,21126,0.40892,0.13264
LTR,21127,1.00000,0.94972
LTR,21128,0.62833,0.20699
LTR,21129,0.94966,0.59498
LTR,21130,0.81515,0.31960
LTR,21131,0.59935,0.15195
LTR,21132,0.87250,0.22526
LTR,21133,0.81802,0.41266
LTR,21134,0.71515,0.70318
LTR,21135,0.98990,0.58406
LTR,21136,0.85137,0.22876
LTR,21137,0.26625,0.04647
LTR,21140,0.97290,0.59958
LTR,21142,1.00000,0.06250
LTR,21143,0.91972,0.08203
LTR,21145,1.00000,0.23992
LTR,21146,0.49573,0.13062
LTR,21147,0.90510,0.56391
LTR,21148,0.61643,0.08813
LTR,21149,0.59935,0.15195
LTR,21150,0.89361,0.58735
LTR,21152,0.97590,0.95155
LTR,21153,0.96862,0.30885
LTR,21154,0.98178,0.96735
LTR,21155,0.50000,0.02083
LTR,21156,0.90262,0.33217
LTR,21157,0.40756,0.27742
LTR,21159,0.94063,0.96754
LTR,21160,0.84153,0.51247
LTR,21161,0.66707,0.18746
LTR,21162,0.80756,0.35994
LTR,21163,1.00000,0.31960
LTR,21164,1.00000,0.18750
LTR,21165,1.00000,0.53621
LTR,21167,0.33504,0.30885
LTR,21168,0.68642,0.23329
LTR,21169,0.98289,0.12041
LTR,21170,0.62405,0.12422
LTR,21172,1.00000,0.12298
LTR,21173,0.35753,0.09180
LTR,21174,0.99612,0.95482
LTR,21175,0.91252,0.53791
LTR,21176,0.67329,0.21289
LTR,21177,0.95947,0.62741
LTR,21178,0.83399,0.36523
LTR,21179,1.00000,0.47958
LTR,21180,0.78346,0.94604
LTR,21181,0.81665,0.20699
LTR,21182,0.83898,0.21492
LTR,21183,0.84536,0.31331
LTR,21185,1.00000,0.13264
LTR,21186,0.80453,0.16229
LTR,21187,0.53291,0.24587
LTR,21188,0.92359,0.95055
LTR,21189,0.70620,0.35865
LTR,21190,0.64912,0.40375
LTR,21191,0.93294,0.53766
LTR,21192,0.85265,0.50800
LTR,21193,0.95783,0.27742
LTR,21194,0.91253,0.33552
LTR,21195,1.00000,0.52895
LTR,21196,0.44546,0.26502
LTR,21197,0.78533,0.95624
LTR,21198,0.93071,0.94218
LTR,21199,0.72203,0.18907
LTR,21200,0.73283,0.06451
LTR,21202,0.62155,0.33217
LTR,21203,1.00000,0.18750
LTR,21204,0.75836,0.94346
LTR,21205,0.59583,0.13264
LTR,21206,0.98370,0.95661
LTR,21207,0.88382,0.55492
LTR,21208,0.86131,0.29435
LTR,21209,0.87154,0.47266
LTR,21210,0.95783,0.27742
LTR,21211,1.00000,0.28710
LTR,21212,0.67505,0.47232
LTR,21213,0.83874,0.56725
LTR,21214,0.88695,0.32529
LTR,21215,0.79681,0.24829
LTR,21216,0.61471,0.20972
LTR,21217,0.95868,0.94863
LTR,21218,0.93648,0.46167
LTR,21219,0.88695,0.32529
LTR,21220,0.91766,0.45859
LTR,21221,1.00000,0.95190
LTR,21222,0.86879,0.12298
LTR,21223,1.00000,0.34642
LTR,21224,0.75219,0.15195
LTR,21225,1.00000,0.09180
LTR,21226,0.95583,0.31473
LTR,21227,1.00000,0.34642
LTR,21228,1.00000,0.34642
LTR,21229,0.93977,0.53998
LTR,21230,1.00000,0.33552
LTR,21231,1.00000,0.26367
LTR,21232,0.27362,0.11583
LTR,21233,1.00000,0.94653
LTR,21234,0.99278,0.94713
LTR,21235,1.00000,0.51147
LTR,21236,0.69522,0.22526
LTR,21237,1.00000,0.24829
LTR,21238,0.76380,0.17519
LTR,21241,0.85515,0.94863
LTR,21243,1.00000,0.95281
LTR,21244,0.38130,0.09302
LTR,21245,1.00000,0.47958
LTR,21246,0.57553,0.34642
LTR,21247,0.73696,0.27742
LTR,21248,0.39038,0.18750
LTR,21249,0.65492,0.18299
LTR,21250,0.93071,0.94218
LTR,21251,0.75996,0.29193
LTR,21252,0.57221,0.34947
LTR,21253,1.00000,0.06250
LTR,21254,0.54287,0.22938
LTR,21255,0.77911,0.38647
LTR,21256,0.83049,0.20020
LTR,21257,0.86879,0.12298
LTR,21258,0.68860,0.34642
LTR,21259,0.34552,0.24489
LTR,21260,0.93450,0.96706
LTR,21261,1.00000,0.09180
LTR,21262,1.00000,0.13264
LTR,21263,0.66084,0.19559
LTR,21264,1.00000,0.94572
LTR,21265,0.77449,0.18746
LTR,21266,1.00000,0.34642
LTR,21267,0.65092,0.04590
LTR,21268,0.62784,0.10391
LTR,21269,0.79472,0.41121
LTR,21271,0.66084,0.19559
LTR,21272,0.91080,0.51147
LTR,21273,1.00000,0.06250
LTR,21274,0.88258,0.96730
LTR,21275,1.00000,0.43750
LTR,21276,0.47477,0.13264
LTR,21277,0.00000,0.00000
LTR,21278,0.63124,0.20196
LTR,21279,0.36528,0.13264
LTR,21280,0.84192,0.71024
LTR,21281,0.76368,0.49426
LTR,21282,1.00000,0.96754
LTR,21283,0.67729,0.94553
LTR,21284,1.00000,0.95281
LTR,21285,1.00000,0.23992
LTR,21286,0.84693,0.45699
LTR,21288,0.90310,0.62109
LTR,21289,0.97504,0.51582
LTR,21290,0.93952,0.30837
LTR,21291,1.00000,0.94516
LTR,21292,0.81665,0.20699
LTR,21293,0.96266,0.96698
LTR,21294,0.65690,0.51060
LTR,21295,0.86879,0.33007
LTR,21296,0.84156,0.62045
LTR,21297,0.88500,0.51434
LTR,21298,0.98914,0.33217
LTR,21299,0.59583,0.13264
LTR,21300,0.88695,0.32529
LTR,21301,1.00000,0.96688
LTR,21302,0.70981,0.26758
LTR,21303,1.00000,0.13264
LTR,21304,0.95583,0.31473
LTR,21306,0.81386,0.22121
LTR,21307,1.00000,0.94972
LTR,21308,0.38685,0.01250
LTR,21309,1.00000,0.24829
LTR,21310,0.97902,0.27192
LTR,21311,0.91653,0.62769
LTR,21312,0.95598,0.94962
LTR,21313,1.00000,0.34642
LTR,21314,1.00000,0.13264
LTR,21315,0.49479,0.11583
LTR,21316,1.00000,0.95558
LTR,21317,0.84031,0.59498
LTR,21318,0.91253,0.33552
LTR,21319,0.67973,0.05688
LTR,21320,0.48917,0.16625
LTR,21321,1.00000,0.27743
LTR,21322,0.18011,0.11797
LTR,21323,0.82728,0.59008
LTR,21324,0.50000,0.02083
LTR,21325,1.00000,0.34642
LTR,21326,0.41023,0.19057
LTR,21327,0.00000,0.00000
LTR,21328,1.00000,0.94972
LTR,21329,1.00000,0.30493
LTR,21330,0.06643,0.01250
LTR,21332,0.68162,0.49975
LTR,21333,1.00000,0.13264
LTR,21334,1.00000,0.33007
LTR,21335,1.00000,0.24829
LTR,21336,0.34627,0.11641
LTR,21337,1.00000,0.24829
LTR,21338,0.69454,0.52671
LTR,21339,1.00000,0.13264
LTR,21340,0.67796,0.16258
LTR,21341,0.32949,0.13264
LTR,21342,0.00000,0.00000
LTR,21343,0.96747,0.10553
LTR,21344,0.30079,0.03255
LTR,21345,0.64214,0.40058
LTR,21346,0.71974,0.15789
LTR,21348,0.90662,0.27192
LTR,21349,1.00000,0.54752
LTR,21351,0.92937,0.94604
LTR,21352,0.94485,0.20020
LTR,21353,0.91080,0.51147
LTR,21355,0.93294,0.53766
LTR,21356,0.93758,0.96709
LTR,21357,1.00000,0.11011
LTR,21358,0.89717,0.94331
LTR,21359,0.91972,0.08203
LTR,21360,0.50000,0.06250
LTR,21362,1.00000,0.13264
LTR,21363,0.67096,0.54890
LTR,21364,0.50000,0.02083
LTR,21365,1.00000,0.31960
LTR,21366,0.92253,0.94346
LTR,21367,0.31697,0.20020
LTR,21368,0.68860,0.34642
LTR,21369,0.74107,0.57975
LTR,21370,0.78601,0.10606
LTR,21371,1.00000,0.34642
LTR,21372,0.83898,0.21492
LTR,21373,0.66517,0.22876
LTR,21374,0.70953,0.08813
LTR,21375,0.85083,0.18579
LTR,21376,0.95783,0.27742
LTR,21377,1.00000,0.12298
LTR,21378,0.99332,0.94808
LTR,21379,1.00000,0.30493
LTR,21380,1.00000,0.93750
LTR,21381,1.00000,0.22876
LTR,21382,0.97196,0.32529
LTR,21383,0.79792,0.16625
LTR,21384,0.82993,0.22943
LTR,21385,0.89896,0.23372
LTR,21386,0.60431,0.20930
LTR,21387,1.00000,0.34642
LTR,21388,0.72014,0.62155
LTR,21390,0.41248,0.12298
LTR,21391,0.86762,0.23384
LTR,21392,0.96288,0.94889
LTR,21393,0.68162,0.49975
LTR,21394,1.00000,0.06250
LTR,21395,1.00000,0.06250
LTR,21396,0.76646,0.31164
LTR,21397,1.00000,0.12298
LTR,21398,0.99155,0.96706
LTR,21400,0.75792,0.14673
LTR,21401,0.87154,0.47266
LTR,21402,0.78843,0.22701
LTR,21403,1.00000,0.34642
LTR,21404,0.66418,0.46167
LTR,21405,0.74742,0.56095
LTR,21407,0.90726,0.94572
LTR,21408,0.88695,0.32529
LTR,21409,0.80619,0.47266
LTR,21410,0.38685,0.03125
LTR,21411,0.91253,0.33552
LTR,21412,0.59583,0.13264
LTR,21413,0.50591,0.15977
LTR,21414,0.19822,0.11068
LTR,21415,0.86879,0.33007
LTR,21416,0.62155,0.28323
LTR,21417,0.62189,0.18907
LTR,21418,0.63093,0.09375
LTR,21419,1.00000,0.34642
LTR,21421,0.85083,0.18579
LTR,21422,0.42080,0.12852
LTR,21423,0.70673,0.33786
LTR,21424,0.84287,0.70888
LTR,21425,0.96076,0.56090
LTR,21426,0.83696,0.95797
LTR,21427,0.82746,0.44153
LTR,21428,1.00000,0.13264
LTR,21429,0.67796,0.16258
LTR,21430,0.61346,0.15710
LTR,21431,0.70220,0.95192
LTR,21432,0.88507,0.42252
LTR,21434,0.17767,0.13264
LTR,21435,1.00000,0.13264
LTR,21436,0.92253,0.94346
LTR,21437,0.79792,0.16625
LTR,21438,0.88695,0.32529
LTR,21439,0.69137,0.56975
LTR,21440,0.88507,0.42252
LTR,21441,0.92949,0.46364
LTR,21442,0.91414,0.27399
LTR,21443,0.93648,0.56261
LTR,21444,0.93952,0.30837
LTR,21445,0.62803,0.19766
LTR,21446,0.94091,0.21395
LTR,21447,0.88695,0.32529
LTR,21448,0.93071,0.94218
LTR,21450,0.92116,0.95558
LTR,21451,0.81665,0.20699
LTR,21452,0.85151,0.94178
LTR,21453,1.00000,0.94972
LTR,21454,1.00000,0.94572
LTR,21455,1.00000,0.09180
LTR,21456,0.85137,0.22876
LTR,21457,1.00000,0.29435
LTR,21458,0.90262,0.33217
LTR,21459,0.94205,0.94707
LTR,21460,1.00000,0.34642
LTR,21461,0.93067,0.55492
LTR,21462,0.58007,0.26050
LTR,21463,1.00000,0.60021
LTR,21464,0.49126,0.05688
LTR,21465,1.00000,0.34642
LTR,21466,1.00000,0.54752
LTR,21467,0.99418,0.56549
LTR,21468,0.39038,0.06250
LTR,21469,0.77266,0.17742
LTR,21470,0.78601,0.10606
LTR,21471,0.90353,0.94946
LTR,21472,0.95097,0.94279
LTR,21473,1.00000,0.62045
LTR,21474,0.95783,0.27742
LTR,21475,0.63093,0.09375
LTR,21476,0.93493,0.59008
LTR,21479,0.51044,0.26502
LTR,21480,0.75219,0.15195
LTR,21481,0.98759,0.93972
LTR,21482,0.63093,0.03125
LTR,21483,0.58379,0.46167
LTR,21484,0.80454,0.94430
LTR,21485,1.00000,0.24829
LTR,21486,0.66084,0.07481
LTR,21487,0.70339,0.20699
LTR,21488,0.56411,0.16929
LTR,21490,0.78601,0.10606
LTR,21491,0.64542,0.52895
LTR,21492,0.74429,0.28399
LTR,21493,0.74794,0.35108
LTR,21494,0.78078,0.15789
LTR,21496,0.77389,0.24587
LTR,21497,0.91253,0.33552
LTR,21498,0.71701,0.37010
LTR,21499,0.84367,0.29579
LTR,21500,0.95945,0.55688
LTR,21501,0.81457,0.19800
LTR,21502,0.65900,0.11068
LTR,21503,0.50000,0.02083
LTR,21504,0.48320,0.27101
LTR,21505,0.58698,0.36796
LTR,21506,0.75792,0.14673
LTR,21507,1.00000,0.94218
LTR,21508,0.67355,0.31300
LTR,21509,1.00000,0.93750
LTR,21510,0.96689,0.95500
LTR,21511,0.61826,0.20602
LTR,21512,0.62833,0.18218
LTR,21513,1.00000,0.11011
LTR,21514,0.96288,0.94889
LTR,21515,0.56878,0.23990
LTR,21516,0.83313,0.22701
LTR,21517,0.87269,0.70710
LTR,21518,0.49358,0.14936
LTR,21519,0.52611,0.16504
LTR,21520,0.89156,0.27180
LTR,21521,1.00000,0.06250
LTR,21522,0.95059,0.95308
LTR,21524,0.88849,0.26823
LTR,21525,0.76064,0.07481
LTR,21526,0.81070,0.22149
LTR,21527,0.82818,0.30644
LTR,21528,1.00000,0.63492
LTR,21530,0.96077,0.49426
LTR,21531,0.68767,0.47110
LTR,21532,1.00000,0.34642
LTR,21533,0.77438,0.20196
LTR,21534,0.61597,0.10091
LTR,21535,0.40542,0.12041
LTR,21536,0.63093,0.03125
LTR,21537,1.00000,0.95661
LTR,21538,0.23464,0.02083
LTR,21539,0.68349,0.12258
LTR,21540,0.96862,0.30885
LTR,21541,1.00000,0.13264
LTR,21542,0.87896,0.21289
LTR,21543,0.58688,0.08984
LTR,21544,0.55010,0.09541
LTR,21545,0.71794,0.48186
LTR,21546,0.91307,0.28399
LTR,21547,1.00000,0.09180
LTR,21548,0.69343,0.05078
LTR,21550,0.79792,0.16625
LTR,21551,0.76940,0.29435
LTR,21552,0.24839,0.20972
LTR,21553,1.00000,0.24829
LTR,21554,0.83898,0.21492
LTR,21555,1.00000,0.30493
LTR,21556,0.68522,0.36523
LTR,21557,0.98329,0.61025
LTR,21558,0.70903,0.33569
LTR,21559,0.30079,0.03255
LTR,21560,0.93278,0.19766
LTR,21561,1.00000,0.60669
LTR,21562,0.97872,0.94535
LTR,21563,0.88695,0.32529
LTR,21565,1.00000,0.30493
LTR,21566,0.90262,0.33217
LTR,21567,0.95203,0.94810
LTR,21568,1.00000,0.34642
LTR,21569,0.22698,0.10606
LTR,21570,0.50311,0.27605
LTR,21571,0.38685,0.01250
LTR,21572,0.96394,0.20443
LTR,21573,0.58265,0.94346
LTR,21574,0.30339,0.19057
LTR,21576,0.12750,0.03125
LTR,21577,0.87359,0.94572
LTR,21578,0.69524,0.47980
LTR,21579,0.84367,0.29579
LTR,21580,0.69343,0.05078
LTR,21582,0.76987,0.29579
LTR,21583,1.00000,0.96719
LTR,21584,0.47244,0.16454
LTR,21585,0.49224,0.40072
LTR,21586,0.96743,0.95409
LTR,21587,1.00000,0.34642
LTR,21588,0.84667,0.94800
LTR,21589,0.83898,0.21492
LTR,21590,0.98077,0.31272
LTR,21591,1.00000,0.95944
LTR,21592,0.49126,0.05688
LTR,21593,0.61643,0.08813
LTR,21594,0.98216,0.95674
LTR,21595,0.94570,0.62407
LTR,21596,0.64518,0.63555
LTR,21597,0.52570,0.33351
LTR,21598,1.00000,0.62045
LTR,21599,0.82623,0.18750
LTR,21600,0.85083,0.18579
LTR,21601,1.00000,0.13264
LTR,21602,1.00000,0.13264
LTR,21603,0.75996,0.29193
LTR,21604,0.89053,0.95999
LTR,21605,0.97520,0.23372
LTR,21606,0.80481,0.10553
LTR,21607,0.59583,0.13264
LTR,21608,0.74017,0.39651
LTR,21609,0.86879,0.12298
LTR,21610,0.83042,0.31473
LTR,21611,0.39454,0.18020
LTR,21612,0.95219,0.49117
LTR,21613,0.89039,0.22479
LTR,21615,0.68800,0.22121
LTR,21616,0.86103,0.94442
LTR,21617,0.77185,0.48515
LTR,21618,1.00000,0.13264
LTR,21619,0.99088,0.96746
LTR,21620,1.00000,0.34642
LTR,21622,0.97584,0.94442
LTR,21623,0.73485,0.95849
LTR,21624,0.66084,0.07481
LTR,21625,0.75464,0.27180
LTR,21626,1.00000,0.21289
LTR,21627,0.56225,0.32875
LTR,21628,0.91080,0.51147
LTR,21629,0.91253,0.33552
LTR,21630,0.55751,0.23828
LTR,21631,0.89554,0.27017
LTR,21632,0.65511,0.49473
LTR,21633,0.69174,0.20196
LTR,21635,0.63093,0.03125
LTR,21636,0.51717,0.33569
LTR,21637,1.00000,0.47958
LTR,21638,0.59583,0.13264
LTR,21639,1.00000,0.34642
LTR,21640,0.87611,0.31272
LTR,21641,0.25145,0.06451
LTR,21642,1.00000,0.34642
LTR,21644,1.00000,0.95558
LTR,21645,1.00000,0.34642
LTR,21646,0.50880,0.12041
LTR,21647,0.80099,0.96742
LTR,21648,0.00000,0.00000
LTR,21649,0.69921,0.10553
LTR,21650,0.76940,0.29435
LTR,21652,0.64691,0.26502
LTR,21653,0.63459,0.39000
LTR,21654,0.54377,0.03255
LTR,21655,1.00000,0.13264
LTR,21657,0.71350,0.40375
LTR,21658,0.69343,0.05078
LTR,21659,0.75792,0.14673
LTR,21660,0.97915,0.94583
LTR,21661,1.00000,0.13264
LTR,21662,0.63569,0.17384
LTR,21663,1.00000,0.34642
LTR,21664,0.50000,0.06250
LTR,21665,0.76536,0.26367
LTR,21666,0.97196,0.32529
LTR,21667,0.40892,0.13264
LTR,21668,0.95868,0.94863
LTR,21669,0.60950,0.09937
LTR,21670,0.61001,0.41498
LTR,21671,0.58051,0.29436
LTR,21672,0.74135,0.20930
LTR,21674,0.61829,0.04647
LTR,21675,0.92731,0.96708
LTR,21676,0.83477,0.94907
LTR,21677,0.59251,0.06177
LTR,21678,0.89201,0.94972
LTR,21679,0.96481,0.96716
LTR,21681,0.91307,0.28399
LTR,21682,0.91307,0.28399
LTR,21683,1.00000,0.13264
LTR,21684,0.89329,0.31960
LTR,21685,1.00000,0.29435
LTR,21686,0.94788,0.56725
LTR,21687,0.91972,0.08203
LTR,21688,0.93830,0.95122
LTR,21689,0.68860,0.34642
LTR,21690,0.35669,0.24817
LTR,21691,1.00000,0.13264
LTR,21692,0.60271,0.57965
LTR,21693,1.00000,0.18750
LTR,21694,1.00000,0.12298
LTR,21695,0.73696,0.27742
LTR,21696,1.00000,0.24829
LTR,21697,0.88695,0.32529
LTR,21698,0.94751,0.26823
LTR,21699,1.00000,0.13264
LTR,21700,0.59583,0.13264
LTR,21702,0.71350,0.40375
LTR,21703,0.51818,0.14876
LTR,21704,1.00000,0.06250
LTR,21705,0.50880,0.12041
LTR,21706,0.81665,0.20699
LTR,21708,0.81515,0.31960
LTR,21709,0.48917,0.16625
LTR,21710,0.55971,0.23769
LTR,21711,0.00000,0.00000
LTR,21712,0.76348,0.43891
LTR,21713,0.00000,0.00000
LTR,21714,0.77911,0.38647
LTR,21715,0.79792,0.16625
LTR,21716,0.66972,0.30367
LTR,21717,0.54422,0.19800
LTR,21718,0.51046,0.32529
LTR,21719,0.63569,0.14876
LTR,21720,0.61763,0.21761
LTR,21721,0.89754,0.56202
LTR,21722,0.42033,0.16626
LTR,21723,0.60648,0.62045
LTR,21724,0.73856,0.52344
LTR,21725,0.78407,0.38112
LTR,21726,0.68940,0.41498
LTR,21727,0.59403,0.17896
LTR,21728,0.69811,0.94475
LTR,21729,1.00000,0.54752
LTR,21730,1.00000,0.34642
LTR,21732,1.00000,0.34642
LTR,21733,0.98914,0.33217
LTR,21734,0.79948,0.31272
LTR,21735,0.98057,0.93921
LTR,21736,0.39375,0.07481
LTR,21737,1.00000,0.13264
LTR,21738,0.80330,0.26923
LTR,21740,0.66224,0.20930
LTR,21741,0.86525,0.30885
LTR,21742,0.97590,0.95155
LTR,21743,0.96065,0.96706
LTR,21744,0.80722,0.40790
LTR,21745,0.36729,0.08813
LTR,21748,0.75996,0.29193
LTR,21749,0.67766,0.12666
LTR,21750,0.88860,0.24013
LTR,21751,0.31557,0.06451
LTR,21752,0.27951,0.14185
LTR,21753,0.39016,0.09576
LTR,21754,0.77389,0.24587
LTR,21755,0.78601,0.10606
LTR,21756,0.97196,0.32529
LTR,21757,0.91253,0.33552
LTR,21758,0.72324,0.37558
LTR,21759,0.81837,0.70444
LTR,21760,0.97915,0.94583
LTR,21761,0.76990,0.15710
LTR,21762,1.00000,0.34642
LTR,21763,0.83042,0.31473
LTR,21764,1.00000,0.63492
LTR,21765,0.43068,0.04688
LTR,21766,1.00000,0.33552
LTR,21767,1.00000,0.06250
LTR,21768,0.88268,0.95140
LTR,21769,1.00000,0.34642
LTR,21770,0.97759,0.95297
LTR,21771,0.93581,0.95389
LTR,21772,0.44308,0.24817
LTR,21773,0.69343,0.05078
LTR,21774,0.00000,0.00000
LTR,21775,0.59519,0.17351
LTR,21776,1.00000,0.06250
LTR,21777,0.97277,0.96722
LTR,21778,0.85785,0.95449
LTR,21779,0.85183,0.44225
LTR,21780,0.85896,0.40790
LTR,21781,1.00000,0.13264
LTR,21783,1.00000,0.34642
LTR,21784,0.84491,0.56081
LTR,21785,0.90603,0.09576
LTR,21786,1.00000,0.34642
LTR,21787,0.61346,0.15710
LTR,21788,0.72976,0.53228
LTR,21789,0.69343,0.05078
LTR,21790,0.98404,0.61386
LTR,21792,0.97435,0.49975
LTR,21793,0.78601,0.10606
LTR,21794,0.45464,0.12258
LTR,21795,0.88379,0.94535
LTR,21796,0.87722,0.07715
LTR,21797,0.91173,0.94933
LTR,21798,0.78601,0.10606
LTR,21799,1.00000,0.34642
LTR,21800,0.87250,0.22526
LTR,21801,0.31560,0.15710
LTR,21802,0.76975,0.94442
LTR,21803,0.93123,0.26223
LTR,21804,0.84326,0.95297
LTR,21805,0.80275,0.59043
LTR,21806,0.93294,0.53766
LTR,21807,0.86879,0.33007
LTR,21808,0.91972,0.08203
LTR,21809,0.80158,0.28516
LTR,21810,0.58911,0.20020
LTR,21811,0.78449,0.34947
LTR,21812,0.81338,0.17122
LTR,21813,0.60181,0.44629
LTR,21814,0.90262,0.33217
LTR,21815,0.91297,0.23769
LTR,21816,0.79792,0.16625
LTR,21817,0.81515,0.31960
LTR,21818,0.31565,0.03548
LTR,21819,0.85014,0.27192
LTR,21820,0.64891,0.23384
LTR,21821,1.00000,0.06250
LTR,21822,0.37416,0.07430
LTR,21823,0.67249,0.27742
LTR,21824,0.66772,0.38237
LTR,21825,0.94751,0.26823
LTR,21826,0.61315,0.06250
LTR,21827,1.00000,0.34642
LTR,21828,0.65092,0.04590
LTR,21829,0.59835,0.31202
LTR,21830,0.82499,0.27742
LTR,21831,0.96288,0.94889
LTR,21832,0.90262,0.33217
LTR,21833,1.00000,0.53998
LTR,21834,0.96158,0.52344
LTR,21835,0.75574,0.30644
LTR,21836,0.68860,0.34642
LTR,21837,0.54761,0.16625
LTR,21839,0.74135,0.28629
LTR,21840,0.95676,0.94325
LTR,21842,0.97394,0.61065
LTR,21843,0.66084,0.22149
LTR,21844,1.00000,0.33552
LTR,21845,0.31558,0.13643
LTR,21846,0.96394,0.20443
LTR,21847,0.95453,0.96716
LTR,21848,0.86879,0.12298
LTR,21849,0.87772,0.59766
LTR,21850,1.00000,0.34642
LTR,21852,0.67135,0.35041
LTR,21854,1.00000,0.34642
LTR,21855,0.52689,0.23299
LTR,21856,1.00000,0.34642
LTR,21857,0.64697,0.50468
LTR,21858,0.67973,0.05688
LTR,21859,0.94448,0.95239
LTR,21860,0.88226,0.94218
LTR,21861,0.19558,0.15789
LTR,21862,0.69837,0.94810
LTR,21863,0.88754,0.62741
LTR,21864,0.95485,0.96709
LTR,21865,0.87208,0.94430
LTR,21866,1.00000,0.54752
LTR,21867,0.76762,0.95222
LTR,21868,0.55112,0.23372
LTR,21869,0.95018,0.94713
LTR,21870,0.85183,0.44225
LTR,21871,0.77389,0.24587
LTR,21872,0.53490,0.22526
LTR,21873,0.69695,0.34134
LTR,21874,1.00000,0.34642
LTR,21875,0.70900,0.15485
LTR,21876,1.00000,0.34642
LTR,21877,0.77389,0.24587
LTR,21878,0.97968,0.30644
LTR,21879,1.00000,0.13264
LTR,21880,0.77612,0.33368
LTR,21881,0.80407,0.61684
LTR,21882,1.00000,0.29435
LTR,21883,0.75038,0.14873
LTR,21884,0.81668,0.60183
LTR,21885,0.38685,0.01250
LTR,21886,0.77975,0.53766
LTR,21887,0.96747,0.10553
LTR,21888,0.65885,0.94553
LTR,21889,0.00000,0.00000
LTR,21890,0.88754,0.62741
LTR,21891,1.00000,0.13264
LTR,21892,0.48842,0.30078
LTR,21893,0.91273,0.95723
LTR,21894,0.77389,0.24587
LTR,21895,1.00000,0.34642
LTR,21896,1.00000,0.09180
LTR,21897,0.69921,0.29462
LTR,21898,0.70392,0.08203
LTR,21899,0.73283,0.06451
LTR,21900,0.69634,0.31227
LTR,21901,1.00000,0.34642
LTR,21902,0.76113,0.33254
LTR,21903,0.70210,0.29435
LTR,21905,0.66690,0.52118
LTR,21906,0.95916,0.96719
LTR,21907,0.78418,0.71233
LTR,21908,0.47473,0.12555
LTR,21909,1.00000,0.34642
LTR,21910,1.00000,0.22876
LTR,21911,0.96572,0.95192
LTR,21912,0.79681,0.24829
LTR,21913,0.66084,0.07481
LTR,21914,1.00000,0.54752
LTR,21915,0.90728,0.26367
LTR,21917,0.50000,0.02083
LTR,21918,0.91972,0.08203
LTR,21919,0.42836,0.28399
LTR,21920,0.90262,0.33217
LTR,21921,0.72424,0.37452
LTR,21922,0.83582,0.94325
LTR,21923,0.96843,0.95449
LTR,21924,0.90262,0.33217
LTR,21925,0.64697,0.25157
LTR,21926,1.00000,0.24829
LTR,21927,0.76037,0.47929
LTR,21928,0.63489,0.45167
LTR,21929,0.79681,0.24829
LTR,21930,0.87247,0.57525
LTR,21931,0.86131,0.29435
LTR,21932,0.88582,0.95783
LTR,21933,0.91971,0.95674
LTR,21934,0.81183,0.66055
LTR,21935,0.91748,0.95941
LTR,21936,0.88123,0.57068
LTR,21938,0.90262,0.33217
LTR,21939,1.00000,0.34642
LTR,21940,0.79948,0.31272
LTR,21941,0.74487,0.35817
LTR,21942,0.36592,0.08984
LTR,21943,0.39773,0.13151
LTR,21944,0.79792,0.16625
LTR,21945,0.70455,0.64493
LTR,21946,1.00000,0.63492
LTR,21947,0.63093,0.03125
LTR,21948,0.93230,0.29193
LTR,21949,1.00000,0.18750
LTR,21950,0.67754,0.30676
LTR,21951,0.00000,0.00000
LTR,21952,1.00000,0.94972
LTR,21953,0.81563,0.28399
LTR,21954,1.00000,0.96805
LTR,21955,1.00000,0.13264
LTR,21956,0.68435,0.10278
LTR,21957,0.38685,0.01250
LTR,21958,0.90325,0.94106
LTR,21959,0.91972,0.08203
LTR,21960,0.50730,0.29604
LTR,21961,0.87722,0.07715
LTR,21962,0.30834,0.15195
LTR,21963,0.59760,0.34573
LTR,21964,0.87722,0.22559
LTR,21965,0.79681,0.24829
LTR,21966,0.76668,0.94415
LTR,21967,0.61075,0.24759
LTR,21968,0.68762,0.37491
LTR,21969,0.71811,0.57655
LTR,21970,0.73693,0.17351
LTR,21971,1.00000,0.33552
LTR,21972,1.00000,0.34642
LTR,21973,0.67505,0.47232
LTR,21974,0.59583,0.13264
LTR,21975,0.72418,0.22149
LTR,21976,1.00000,0.24829
LTR,21977,1.00000,0.54752
LTR,21978,0.48917,0.16625
LTR,21979,1.00000,0.13264
LTR,21980,0.78291,0.95155
LTR,21981,0.44685,0.12534
LTR,21982,0.86879,0.12298
LTR,21983,0.44685,0.04647
LTR,21984,1.00000,0.34642
LTR,21985,0.51818,0.17384
LTR,21986,0.66084,0.07481
LTR,21987,0.80619,0.47266
LTR,21988,0.61829,0.04647
LTR,21989,0.65456,0.42252
LTR,21990,0.91716,0.52419
LTR,21991,0.76987,0.29579
LTR,21992,0.67249,0.27742
LTR,21993,0.59676,0.47928
LTR,21994,0.71226,0.06177
LTR,21995,0.59935,0.15195
LTR,21996,0.89754,0.56202
LTR,21997,0.93641,0.95783
LTR,21998,0.63093,0.46875
LTR,21999,0.85734,0.30837
LTR,22000,0.65492,0.18299
LTR,22001,0.76807,0.52895
LTR,22002,0.74136,0.22943
LTR,22003,0.85909,0.95134
LTR,22004,0.80453,0.16229
LTR,22005,0.77142,0.31331
LTR,22006,0.93771,0.28710
LTR,22007,0.64269,0.22701
LTR,22008,0.91253,0.33552
LTR,22009,0.10654,0.01250
LTR,22010,0.95709,0.94766
LTR,22011,0.85594,0.39919
LTR,22012,0.66224,0.20930
LTR,22013,1.00000,0.13264
LTR,22014,0.56346,0.20252
LTR,22015,0.62782,0.22121
LTR,22017,0.84536,0.31331
LTR,22018,0.66084,0.07481
LTR,22019,0.90262,0.33217
LTR,22020,0.88258,0.96730
LTR,22021,0.95216,0.57826
LTR,22022,0.68762,0.31738
LTR,22023,0.68630,0.24829
LTR,22024,0.73693,0.17351
LTR,22026,0.57820,0.31883
LTR,22027,0.73662,0.54963
LTR,22028,1.00000,0.34642
LTR,22030,0.96843,0.95449
LTR,22031,1.00000,0.27743
LTR,22032,0.72262,0.21492
LTR,22033,0.88695,0.32529
LTR,22034,0.82392,0.50430
LTR,22035,0.94886,0.59766
LTR,22036,0.77975,0.53766
LTR,22037,0.43071,0.15710
LTR,22038,0.96877,0.61336
LTR,22039,1.00000,0.94972
LTR,22040,0.31646,0.23600
LTR,22041,0.44685,0.04647
LTR,22042,0.98855,0.95649
LTR,22043,0.77449,0.18746
LTR,22044,0.85734,0.30837
LTR,22045,1.00000,0.63492
LTR,22046,1.00000,0.12298
LTR,22047,1.00000,0.28710
LTR,22049,0.26407,0.01562
LTR,22050,0.40038,0.13062
LTR,22051,1.00000,0.63492
LTR,22052,0.89329,0.31960
LTR,22053,0.91653,0.62769
LTR,22054,1.00000,0.34642
LTR,22055,0.16958,0.02083
LTR,22056,1.00000,0.59498
LTR,22057,0.65092,0.04590
LTR,22058,0.74287,0.95500
LTR,22059,0.64962,0.37880
LTR,22060,0.91253,0.33552
LTR,22061,0.63093,0.03125
LTR,22062,0.80331,0.29720
LTR,22063,0.96747,0.29462
LTR,22064,0.79792,0.16625
LTR,22065,0.77389,0.24587
LTR,22066,0.26407,0.01562
LTR,22067,0.72852,0.95378
LTR,22068,0.95868,0.94863
LTR,22069,0.88136,0.45581
LTR,22070,0.32142,0.08472
LTR,22071,1.00000,0.29435
LTR,22072,0.99278,0.94713
LTR,22073,0.90262,0.33217
LTR,22074,0.58587,0.43066
LTR,22075,0.82499,0.27742
LTR,22076,1.00000,0.34642
LTR,22077,0.46833,0.08472
LTR,22078,0.80576,0.26949
LTR,22079,0.97635,0.94501
LTR,22080,0.61315,0.18750
LTR,22081,0.92215,0.60891
LTR,22082,0.86782,0.95323
LTR,22083,1.00000,0.13264
LTR,22084,1.00000,0.12298
LTR,22085,0.91253,0.33552
LTR,22086,0.91348,0.95382
LTR,22087,0.88849,0.26823
LTR,22088,1.00000,0.94153
LTR,22089,0.42013,0.18218
LTR,22090,0.98057,0.93921
LTR,22091,0.90177,0.52118
LTR,22092,0.20440,0.15195
LTR,22093,0.86578,0.54394
LTR,22094,0.88507,0.42252
LTR,22095,0.52838,0.15710
LTR,22096,0.83579,0.54752
LTR,22097,0.95822,0.95140
LTR,22098,0.88507,0.42252
LTR,22099,0.92756,0.95355
LTR,22100,0.90090,0.94705
LTR,22101,0.80275,0.59043
LTR,22102,0.68435,0.10278
LTR,22103,0.36330,0.20196
LTR,22104,0.80907,0.36821
LTR,22105,0.43070,0.20602
LTR,22106,0.48166,0.56202
LTR,22107,0.50926,0.34642
LTR,22108,0.29625,0.20023
LTR,22109,0.36543,0.28629
LTR,22110,0.07369,0.03125
LTR,22111,0.76305,0.56725
LTR,22112,0.12786,0.05078
LTR,22113,0.92503,0.62991
LTR,22114,0.62618,0.96698
LTR,22115,0.61176,0.95512
LTR,22116,0.10353,0.03750
LTR,22117,0.07585,0.04647
LTR,22118,0.72323,0.96719
LTR,22119,0.54876,0.30332
LTR,22120,0.64691,0.26502
LTR,22121,0.58848,0.53490
LTR,22122,0.00000,0.00000
LTR,22123,0.54646,0.95249
LTR,22124,0.56411,0.12476
LTR,22125,0.74622,0.57363
LTR,22126,0.69957,0.94533
LTR,22127,0.70929,0.45269
LTR,22128,0.88721,0.95482
LTR,22129,0.46287,0.37387
LTR,22130,0.18830,0.21224
LTR,22131,0.54436,0.36821
LTR,22132,0.52237,0.70823
LTR,22133,0.54077,0.95579
LTR,22134,0.00000,0.00000
LTR,22135,0.14149,0.08813
LTR,22136,0.07902,0.09180
LTR,22137,0.76550,0.27593
LTR,22138,0.10805,0.05599
LTR,22139,0.62452,0.94889
LTR,22140,1.00000,0.34642
LTR,22142,0.75387,0.56261
LTR,22143,0.57197,0.30723
LTR,22144,0.97394,0.61065
LTR,22145,0.28712,0.10606
LTR,22146,0.37745,0.51247
LTR,22147,0.81317,0.96805
LTR,22148,0.77967,0.60584
LTR,22149,0.88642,0.94379
LTR,22150,0.81387,0.96716
LTR,22151,1.00000,0.34642
LTR,22152,0.81317,0.96805
LTR,22153,1.00000,0.95944
LTR,22154,0.29295,0.11011
LTR,22155,0.86192,0.52419
LTR,22156,0.49200,0.33067
LTR,22157,0.82489,0.95818
LTR,22158,0.21639,0.12020
LTR,22159,0.60045,0.40375
LTR,22160,0.37754,0.29604
LTR,22161,0.89090,0.96024
LTR,22162,0.66994,0.95056
LTR,22164,0.69501,0.53998
LTR,22165,0.74466,0.60021
LTR,22166,0.30339,0.19057
LTR,22167,0.55085,0.42252
LTR,22168,0.90310,0.62109
LTR,22169,0.46191,0.47316
LTR,22170,0.85974,0.94840
LTR,22171,0.78601,0.28934
LTR,22172,0.75599,0.53858
LTR,22173,1.00000,0.34642
LTR,22174,0.60241,0.96709
LTR,22175,0.74253,0.95569
LTR,22176,0.86513,0.96789
LTR,22177,0.83302,0.95192
LTR,22178,0.86010,0.96722
LTR,22179,1.00000,0.60021
LTR,22180,0.74295,0.30132
LTR,22181,0.52904,0.46606
LTR,22182,0.51967,0.22047
LTR,22183,0.08284,0.06250
LTR,22184,1.00000,0.34642
LTR,22185,0.66564,0.53662
LTR,22186,0.75219,0.15195
LTR,22188,0.75252,0.58199
LTR,22189,0.91653,0.62769
LTR,22190,0.78273,0.58406
LTR,22191,0.99082,0.62769
LTR,22192,0.34860,0.10376
LTR,22193,0.57506,0.44453
LTR,22194,0.78205,0.55492
LTR,22195,0.26113,0.08472
LTR,22196,0.38012,0.32529
LTR,22197,0.72397,0.95281
LTR,22198,0.46434,0.35711
LTR,22200,0.71928,0.57677
LTR,22201,0.70354,0.45581
LTR,22202,0.84094,0.60543
LTR,22204,0.62837,0.33552
LTR,22205,0.24153,0.08203
LTR,22206,0.80501,0.60021
LTR,22207,0.63995,0.26304
LTR,22208,0.62380,0.26823
LTR,22209,0.75331,0.66406
LTR,22210,0.85393,0.62226
LTR,22211,0.67193,0.95378
LTR,22212,0.44639,0.16625
LTR,22213,0.45237,0.28934
LTR,22214,0.87480,0.62407
LTR,22215,0.00000,0.00000
LTR,22216,0.78801,0.95192
LTR,22217,1.00000,0.95944
LTR,22218,0.57809,0.43441
LTR,22219,0.00000,0.00000
LTR,22220,0.15402,0.13216
LTR,22221,0.38723,0.12323
LTR,22222,0.55315,0.41915
LTR,22223,0.27023,0.07481
LTR,22224,0.93071,0.94218
LTR,22225,0.86879,0.96807
LTR,22226,0.70717,0.59498
LTR,22228,0.90175,0.96694
LTR,22229,0.79369,0.93972
LTR,22231,0.30834,0.15195
LTR,22232,0.38357,0.16626
LTR,22233,0.65418,0.51140
LTR,22234,0.71224,0.94371
LTR,22235,0.73863,0.39380
LTR,22236,0.48531,0.28200
LTR,22237,0.49940,0.21922
LTR,22238,0.60962,0.06451
LTR,22239,1.00000,0.06250
LTR,22240,0.42285,0.94442
LTR,22241,0.69501,0.53998
LTR,22242,0.60360,0.51344
LTR,22243,0.73311,0.95782
LTR,22244,0.86782,0.95323
LTR,22245,0.71978,0.26949
LTR,22246,0.90262,0.33217
LTR,22247,0.47037,0.48672
LTR,22248,0.68996,0.53766
LTR,22249,0.65094,0.37988
LTR,22250,0.68842,0.59237
LTR,22251,0.34247,0.27742
LTR,22252,0.28977,0.15195
LTR,22253,0.92116,0.95558
LTR,22254,0.74486,0.95710
LTR,22255,0.70594,0.34980
LTR,22256,0.78227,0.94810
LTR,22257,0.85293,0.94501
LTR,22258,0.44524,0.13151
LTR,22259,0.90293,0.96754
LTR,22260,0.00000,0.00000
LTR,22261,0.94509,0.94019
LTR,22262,0.61315,0.06250
LTR,22263,0.45844,0.06844
LTR,22264,1.00000,0.31960
LTR,22265,0.14813,0.05599
LTR,22266,0.75018,0.56450
LTR,22267,0.62584,0.54009
LTR,22268,0.38269,0.23990
LTR,22269,0.78805,0.93921
LTR,22270,0.93425,0.96729
LTR,22271,0.81010,0.94204
LTR,22272,0.21100,0.11597
LTR,22273,0.26692,0.13643
LTR,22274,0.31193,0.09937
LTR,22275,0.28411,0.27829
LTR,22276,0.00000,0.00000
LTR,22277,0.45442,0.30885
LTR,22278,0.20805,0.04688
LTR,22279,0.51477,0.16929
LTR,22280,0.81515,0.31960
LTR,22281,1.00000,0.11011
LTR,22282,0.63271,0.14673
LTR,22283,0.75219,0.15195
LTR,22284,0.00000,0.00000
LTR,22285,0.70930,0.28629
LTR,22286,1.00000,0.24829
LTR,22287,0.70635,0.95997
LTR,22288,0.55117,0.14873
LTR,22289,0.74135,0.20930
LTR,22290,0.24630,0.03125
LTR,22291,0.65190,0.95449
LTR,22292,0.41512,0.31960
LTR,22293,0.90965,0.53621
LTR,22294,0.86831,0.40395
LTR,22295,0.59625,0.53057
LTR,22296,0.00000,0.00000
LTR,22297,1.00000,0.24829
LTR,22298,0.37211,0.11841
LTR,22299,0.93802,0.94808
LTR,22300,0.89814,0.94553
LTR,22301,0.62155,0.33217
LTR,22302,0.59572,0.51183
LTR,22303,0.56390,0.36737
LTR,22304,0.83143,0.95353
LTR,22305,0.69406,0.43006
LTR,22306,0.42324,0.07520
LTR,22307,0.68463,0.34947
LTR,22308,0.64269,0.22701
LTR,22309,1.00000,0.13264
LTR,22310,0.00000,0.00000
LTR,22311,0.54377,0.18746
LTR,22312,0.69837,0.94810
LTR,22313,0.20817,0.32529
LTR,22314,0.47200,0.15710
LTR,22315,0.93648,0.56261
LTR,22316,0.86879,0.12298
LTR,22317,0.13898,0.15195
LTR,22318,0.59233,0.57503
LTR,22319,0.78835,0.94535
LTR,22320,0.81306,0.94218
LTR,22321,0.93985,0.95863
LTR,22322,0.85909,0.95134
LTR,22323,0.67306,0.96709
LTR,22324,0.77073,0.53290
LTR,22325,0.78082,0.57769
LTR,22326,0.54934,0.95500
LTR,22327,0.54449,0.94153
LTR,22328,1.00000,0.34642
LTR,22329,0.67651,0.22943
LTR,22330,0.76536,0.09180
LTR,22331,0.42080,0.15195
LTR,22332,0.88379,0.94535
LTR,22333,0.52912,0.94572
LTR,22334,0.80501,0.60021
LTR,22335,0.76489,0.94967
LTR,22336,0.58017,0.40772
LTR,22337,0.37969,0.17384
LTR,22338,1.00000,0.95558
LTR,22339,0.44709,0.59008
LTR,22340,0.83479,0.22876
LTR,22341,0.33916,0.06250
LTR,22342,0.65865,0.95888
LTR,22343,0.58701,0.39000
LTR,22344,0.56124,0.52118
LTR,22345,0.79096,0.57938
LTR,22346,1.00000,0.34642
LTR,22347,0.46471,0.28591
LTR,22348,0.85734,0.30837
LTR,22349,0.73253,0.94492
LTR,22350,0.42278,0.33552
LTR,22351,0.54649,0.66055
LTR,22352,0.22028,0.07481
LTR,22353,0.55723,0.22241
LTR,22354,0.43180,0.44922
LTR,22355,0.55944,0.24829
LTR,22356,0.68443,0.19766
LTR,22357,0.28631,0.27811
LTR,22358,0.19867,0.12422
LTR,22359,0.42080,0.15195
LTR,22360,1.00000,0.57525
LTR,22361,0.53156,0.94766
LTR,22362,0.94471,0.95947
LTR,22363,0.87271,0.52895
LTR,22364,0.29903,0.19141
LTR,22365,0.55944,0.24829
LTR,22366,0.63257,0.28197
LTR,22367,0.38722,0.33552
LTR,22368,0.97459,0.94136
LTR,22369,0.84929,0.95172
LTR,22370,0.56422,0.12323
LTR,22371,0.49487,0.32497
LTR,22372,0.76940,0.29435
LTR,22373,0.31277,0.04688
LTR,22374,0.95749,0.96269
LTR,22375,0.85515,0.94863
LTR,22376,0.18980,0.05703
LTR,22377,0.20253,0.06641
LTR,22378,0.57553,0.34642
LTR,22379,0.21399,0.03125
LTR,22380,0.58904,0.21492
LTR,22381,0.49865,0.47097
LTR,22382,0.31193,0.09937
LTR,22383,0.65186,0.48170
LTR,22384,0.91071,0.94683
LTR,22385,0.47200,0.15710
LTR,22386,0.81101,0.94533
LTR,22387,1.00000,0.94972
LTR,22388,0.93947,0.94680
LTR,22389,0.60769,0.57310
LTR,22390,0.89762,0.95669
LTR,22391,0.83579,0.54752
LTR,22392,0.51252,0.28399
LTR,22393,0.82812,0.61386
LTR,22394,0.68730,0.94037
LTR,22395,0.57662,0.94810
LTR,22396,0.91173,0.94933
LTR,22397,0.63927,0.95620
LTR,22399,0.95203,0.94810
LTR,22400,0.82271,0.37491
LTR,22401,0.42080,0.12852
LTR,22402,0.56099,0.52112
LTR,22403,1.00000,0.34642
LTR,22404,0.40892,0.13264
LTR,22405,0.47477,0.13264
LTR,22406,0.33572,0.07422
LTR,22408,0.78957,0.30885
LTR,22409,0.40408,0.29435
LTR,22410,0.20548,0.08813
LTR,22411,0.46580,0.15039
LTR,22412,0.76987,0.29579
LTR,22413,0.85173,0.95413
LTR,22414,0.52963,0.19973
LTR,22415,0.68369,0.41266
LTR,22416,0.28856,0.06478
LTR,22417,0.70910,0.57266
LTR,22418,0.95947,0.62741
LTR,22419,1.00000,0.34642
LTR,22420,0.84146,0.95382
LTR,22421,0.33828,0.15659
LTR,22422,0.61297,0.95326
LTR,22423,0.40379,0.14009
LTR,22424,0.61643,0.08813
LTR,22425,0.57553,0.34642
LTR,22426,0.59822,0.25554
LTR,22427,0.33333,0.13264
LTR,22428,0.40892,0.13264
LTR,22429,0.56064,0.19976
LTR,22430,0.69735,0.56261
LTR,22431,0.96288,0.94889
LTR,22432,0.64775,0.45177
LTR,22433,0.39375,0.07481
LTR,22434,0.31559,0.12476
LTR,22435,0.74295,0.30132
LTR,22436,0.88695,0.32529
LTR,22437,0.79948,0.31272
LTR,22438,0.65893,0.44453
LTR,22439,0.92359,0.95055
LTR,22440,0.90262,0.33217
LTR,22441,0.52041,0.30644
LTR,22442,0.38523,0.24829
LTR,22443,0.70415,0.66411
LTR,22444,0.91297,0.23769
LTR,22445,0.76448,0.59498
LTR,22446,0.85734,0.30837
LTR,22447,0.24630,0.03125
LTR,22448,0.59341,0.94713
LTR,22449,0.34811,0.10091
LTR,22450,0.66699,0.57525
LTR,22451,0.65682,0.26949
LTR,22452,0.05634,0.05078
LTR,22453,0.41633,0.33569
LTR,22454,0.96481,0.96716
LTR,22455,0.85777,0.29462
LTR,22456,0.68860,0.34642
LTR,22457,0.71127,0.28371
LTR,22459,0.66808,0.94218
LTR,22460,0.61643,0.08813
LTR,22461,0.00000,0.00000
LTR,22462,0.72815,0.62510
LTR,22463,0.23748,0.20703
LTR,22464,0.27871,0.26949
LTR,22465,0.87722,0.07715
LTR,22466,0.40632,0.15991
LTR,22467,0.53545,0.34298
LTR,22468,0.80619,0.47266
LTR,22469,0.46409,0.38867
LTR,22470,0.79948,0.31272
LTR,22471,0.56161,0.50980
LTR,22472,1.00000,0.62991
LTR,22473,0.16958,0.02083
LTR,22474,0.54147,0.95044
LTR,22476,0.20681,0.16625
LTR,22477,0.00000,0.00000
LTR,22478,0.40542,0.12041
LTR,22479,0.56346,0.20252
LTR,22481,0.26200,0.08472
LTR,22482,0.91253,0.33552
LTR,22483,0.61346,0.15710
LTR,22484,0.36762,0.18299
LTR,22485,0.74024,0.93848
LTR,22486,0.50319,0.22479
LTR,22487,0.95868,0.94863
LTR,22488,0.30699,0.31543
LTR,22490,0.41231,0.25713
LTR,22491,0.77428,0.70500
LTR,22492,0.98061,0.96690
LTR,22493,1.00000,0.13264
LTR,22494,0.21215,0.04647
LTR,22495,0.65153,0.31680
LTR,22496,0.54140,0.07422
LTR,22497,0.28712,0.08472
LTR,22498,0.04762,0.05688
LTR,22499,0.74088,0.94889
LTR,22500,0.68642,0.23329
LTR,22501,0.70193,0.70512
LTR,22502,0.74466,0.60021
LTR,22503,0.81515,0.31960
LTR,22504,0.64783,0.94620
LTR,22505,0.74615,0.66095
LTR,22506,0.59264,0.57913
LTR,22507,0.74088,0.30063
LTR,22508,0.63352,0.94604
LTR,22509,0.85092,0.95863
LTR,22510,0.56061,0.93972
LTR,22511,0.79661,0.96716
LTR,22512,0.58062,0.94331
LTR,22513,0.57133,0.95056
LTR,22514,0.88315,0.96807
LTR,22515,0.58062,0.94331
LTR,22516,0.58208,0.50768
LTR,22517,0.79598,0.21289
LTR,22518,0.42080,0.12852
LTR,22519,0.47477,0.13264
LTR,22520,0.59935,0.15195
LTR,22521,0.42080,0.15195
LTR,22522,0.74306,0.94715
LTR,22523,1.00000,0.34642
LTR,22524,0.63093,0.03125
LTR,22525,0.28490,0.24829
LTR,22526,0.75996,0.29193
LTR,22527,0.85880,0.46221
LTR,22528,0.70386,0.94106
LTR,22529,0.57337,0.20699
LTR,22530,0.49012,0.25391
LTR,22531,0.22148,0.28871
LTR,22532,0.58462,0.93984
LTR,22533,0.74161,0.57068
LTR,22534,0.85183,0.44225
LTR,22535,0.66474,0.95140
LTR,22536,0.90262,0.33217
LTR,22537,0.50802,0.94668
LTR,22538,0.63859,0.35644
LTR,22539,0.65081,0.95337
LTR,22540,0.59583,0.13264
LTR,22541,0.85393,0.12041
LTR,22542,0.90785,0.95743
LTR,22543,0.88695,0.32529
LTR,22544,0.66113,0.57072
LTR,22545,0.53386,0.18299
LTR,22546,0.56346,0.20252
LTR,22547,0.24139,0.07481
LTR,22548,0.30775,0.09541
LTR,22549,0.86103,0.94442
LTR,22550,0.38684,0.33217
LTR,22551,0.74283,0.95947
LTR,22552,0.71289,0.70558
LTR,22553,0.93977,0.94526
LTR,22554,0.09242,0.02734
LTR,22555,0.90262,0.33217
LTR,22556,0.20283,0.11583
LTR,22557,0.37802,0.26949
LTR,22558,0.66441,0.94875
LTR,22559,0.86782,0.95323
LTR,22560,0.82812,0.61386
LTR,22561,0.37211,0.11841
LTR,22562,0.89814,0.94553
LTR,22563,0.82873,0.95684
LTR,22564,0.85734,0.30837
LTR,22565,0.39482,0.20699
LTR,22566,0.79522,0.94492
LTR,22567,0.37413,0.10645
LTR,22568,0.86879,0.33007
LTR,22569,0.56411,0.16929
LTR,22570,0.66416,0.33786
LTR,22571,0.71701,0.37010
LTR,22572,0.56346,0.17805
LTR,22573,0.67282,0.54752
LTR,22574,0.65481,0.09576
LTR,22575,0.67651,0.22943
LTR,22576,0.88949,0.96742
LTR,22577,0.41662,0.10553
LTR,22578,0.55944,0.24829
LTR,22579,0.86712,0.95690
LTR,22580,0.96266,0.96698
LTR,22581,0.69854,0.27593
LTR,22582,0.66563,0.57363
LTR,22583,0.68860,0.34642
LTR,22584,0.39732,0.04297
LTR,22585,0.68533,0.94972
LTR,22587,0.79948,0.31272
LTR,22588,0.19184,0.13264
LTR,22589,0.56346,0.20252
LTR,22590,0.48269,0.57826
LTR,22591,0.95583,0.11583
LTR,22592,0.57553,0.34642
LTR,22593,0.72752,0.95730
LTR,22594,0.87271,0.52895
LTR,22595,0.25906,0.08374
LTR,22596,0.19506,0.24829
LTR,22597,0.76807,0.57310
LTR,22598,0.84326,0.95003
LTR,22599,1.00000,0.94972
LTR,22600,0.88379,0.94535
LTR,22601,0.38523,0.24829
LTR,22602,0.82205,0.94141
LTR,22603,0.39992,0.37896
LTR,22604,0.91253,0.33552
LTR,22605,0.55871,0.39621
LTR,22606,0.17159,0.06177
LTR,22607,0.33916,0.06250
LTR,22608,0.97759,0.95297
LTR,22609,0.78291,0.95155
LTR,22610,0.42857,0.34642
LTR,22611,0.83584,0.95368
LTR,22612,0.82204,0.94766
LTR,22613,0.69735,0.56261
LTR,22614,0.25691,0.16625
LTR,22615,0.43062,0.08984
LTR,22616,0.69101,0.95471
LTR,22617,0.59835,0.36821
LTR,22618,0.67974,0.94803
LTR,22619,0.72424,0.37452
LTR,22620,0.68533,0.94972
LTR,22621,0.83967,0.96268
LTR,22622,0.00000,0.00000
LTR,22623,0.96314,0.95482
LTR,22624,0.36849,0.22876
LTR,22625,0.51477,0.19304
LTR,22626,0.67205,0.96722
LTR,22627,0.88959,0.95192
LTR,22628,0.47406,0.37773
LTR,22629,0.53028,0.17742
LTR,22630,0.67994,0.38647
LTR,22631,0.62155,0.33217
LTR,22632,0.76943,0.94972
LTR,22633,0.70745,0.28172
LTR,22634,0.58005,0.50803
LTR,22635,0.23464,0.02083
LTR,22636,0.41175,0.94572
LTR,22637,0.20949,0.11239
LTR,22638,0.81658,0.57903
LTR,22639,0.72192,0.94803
LTR,22640,0.61677,0.95783
LTR,22641,0.69601,0.95445
LTR,22642,0.59179,0.94218
LTR,22643,0.76211,0.94381
LTR,22644,0.54985,0.94967
LTR,22645,0.60894,0.40839
LTR,22646,0.59117,0.94220
LTR,22647,0.50373,0.94683
LTR,22648,0.77759,0.95122
LTR,22649,0.93003,0.95415
LTR,22650,0.73012,0.95743
LTR,22651,0.54985,0.94967
LTR,22652,0.59117,0.94220
LTR,22653,0.16813,0.01562
LTR,22654,1.00000,0.18750
LTR,22655,0.39426,0.11583
LTR,22656,0.51221,0.57183
LTR,22657,0.78830,0.39000
LTR,22658,0.00000,0.00000
LTR,22659,0.67603,0.94766
LTR,22660,0.43738,0.24508
LTR,22661,0.66994,0.21797
LTR,22662,0.17922,0.03255
LTR,22663,0.90052,0.95297
LTR,22664,0.24630,0.03125
LTR,22665,0.92503,0.62991
LTR,22666,0.87861,0.96805
LTR,22667,1.00000,0.13264
LTR,22668,0.44308,0.24817
LTR,22669,0.94396,0.59338
LTR,22671,0.81586,0.70860
LTR,22672,0.35938,0.13216
LTR,22673,0.62859,0.14966
LTR,22674,0.50291,0.23372
LTR,22675,0.85890,0.94889
LTR,22676,0.52162,0.18579
LTR,22677,0.85280,0.96765
LTR,22678,0.80907,0.36821
LTR,22679,0.58904,0.21492
LTR,22680,0.31557,0.06451
LTR,22681,0.35938,0.10884
LTR,22682,0.83579,0.54752
LTR,22683,0.96689,0.95500
LTR,22684,0.33333,0.13264
LTR,22685,0.61643,0.08813
LTR,22686,0.71928,0.57677
LTR,22687,0.85212,0.96806
LTR,22688,0.70717,0.59498
LTR,22689,0.69172,0.14873
LTR,22690,0.42498,0.47165
LTR,22691,0.89361,0.58735
LTR,22693,0.72535,0.94478
LTR,22694,0.77326,0.95160
LTR,22695,0.71350,0.40375
LTR,22696,0.76732,0.57525
LTR,22697,0.86879,0.12298
LTR,22698,0.75374,0.44225
LTR,22699,0.33901,0.21492
LTR,22700,0.79770,0.95297
LTR,22701,0.77967,0.60584
LTR,22702,0.44029,0.36796
LTR,22703,0.43833,0.09541
LTR,22704,1.00000,0.13264
LTR,22705,0.79064,0.61025
LTR,22707,0.48282,0.94875
LTR,22708,0.70594,0.34980
LTR,22709,0.66084,0.22149
LTR,22710,0.57337,0.20699
LTR,22711,0.87606,0.95684
LTR,22712,0.28712,0.10606
LTR,22713,0.54531,0.20767
LTR,22714,0.50000,0.02083
LTR,22715,1.00000,0.95558
LTR,22716,0.00000,0.00000
LTR,22717,0.67355,0.55636
LTR,22718,0.46166,0.15977
LTR,22719,0.54452,0.47329
LTR,22720,0.49725,0.51173
LTR,22721,0.72273,0.30493
LTR,22722,0.68128,0.94967
LTR,22723,0.80361,0.94705
LTR,22724,0.27727,0.07734
LTR,22725,0.80338,0.57177
LTR,22726,0.53014,0.29579
LTR,22727,0.22812,0.10278
LTR,22728,0.44639,0.16625
LTR,22729,1.00000,0.34642
LTR,22730,0.64691,0.26502
LTR,22731,0.56644,0.95382
LTR,22732,0.61308,0.26223
LTR,22733,0.96481,0.96716
LTR,22734,0.22331,0.07422
LTR,22735,1.00000,0.34642
LTR,22736,0.62441,0.38867
LTR,22737,0.51075,0.23769
LTR,22738,0.00000,0.00000
LTR,22739,0.78601,0.10606
LTR,22740,0.68940,0.41498
LTR,22741,0.62284,0.57183
LTR,22742,1.00000,0.34642
LTR,22743,0.90545,0.95846
LTR,22744,0.46367,0.94713
LTR,22745,0.28787,0.17310
LTR,22746,0.51178,0.22876
LTR,22747,0.10104,0.02083
LTR,22748,0.83579,0.54752
LTR,22749,0.53386,0.18299
LTR,22750,1.00000,0.13264
LTR,22751,0.87772,0.59766
LTR,22752,0.89814,0.94553
LTR,22753,0.72623,0.18750
LTR,22754,0.84356,0.95067
LTR,22755,0.66517,0.22876
LTR,22756,0.00000,0.00000
LTR,22757,0.63124,0.20196
LTR,22758,0.76987,0.29579
LTR,22760,0.47477,0.13264
LTR,22761,0.48917,0.16625
LTR,22762,0.84156,0.62045
LTR,22763,0.53028,0.17742
LTR,22764,0.59153,0.47600
LTR,22765,0.47494,0.20229
LTR,22766,0.50539,0.41280
LTR,22767,0.84430,0.38867
LTR,22768,1.00000,0.34642
LTR,22769,0.81279,0.95795
LTR,22770,0.78601,0.10606
LTR,22771,0.96427,0.51247
LTR,22772,0.79472,0.41121
LTR,22773,0.85880,0.60669
LTR,22774,0.84722,0.94331
LTR,22775,0.92710,0.94381
LTR,22776,0.38685,0.03125
LTR,22777,0.00000,0.00000
LTR,22778,0.75723,0.94766
LTR,22779,0.32876,0.28172
LTR,22780,0.38269,0.23990
LTR,22781,0.95233,0.96804
LTR,22782,1.00000,0.63492
LTR,22784,0.61836,0.95258
LTR,22785,0.37754,0.51317
LTR,22786,0.38357,0.05078
LTR,22787,0.83673,0.96804
LTR,22788,0.80767,0.95189
LTR,22789,0.53120,0.31331
LTR,22790,0.86737,0.94776
LTR,22791,0.80115,0.94553
LTR,22792,0.81306,0.94218
LTR,22793,0.86737,0.94776
LTR,22795,0.82855,0.57525
LTR,22797,0.68860,0.34642
LTR,22798,0.58904,0.21492
LTR,22799,0.92156,0.94766
LTR,22800,0.75544,0.95359
LTR,22801,0.09242,0.02734
LTR,22802,0.41662,0.10553
LTR,22803,0.59583,0.13264
LTR,22804,0.74161,0.57068
LTR,22805,0.12609,0.04297
LTR,22806,0.48141,0.57213
LTR,22807,0.50000,0.02083
LTR,22808,0.27727,0.02734
LTR,22809,0.81515,0.31960
LTR,22810,0.57988,0.94939
LTR,22811,0.82623,0.18750
LTR,22812,0.96288,0.94889
LTR,22813,0.22363,0.13661
LTR,22814,0.51545,0.21797
LTR,22815,0.45169,0.32529
LTR,22816,0.18804,0.06177
LTR,22817,0.26777,0.07520
LTR,22818,0.63995,0.09302
LTR,22819,0.60137,0.94490
LTR,22820,0.56856,0.30589
LTR,22821,0.50717,0.28774
LTR,22822,0.78957,0.30885
LTR,22823,0.55112,0.23372
LTR,22824,0.93294,0.53766
LTR,22825,0.72941,0.52895
LTR,22826,0.95783,0.27742
LTR,22827,0.89525,0.95713
LTR,22828,0.65481,0.26923
LTR,22829,0.14748,0.12298
LTR,22830,1.00000,0.34642
LTR,22831,0.00000,0.00000
LTR,22832,0.66475,0.23349
LTR,22833,0.61346,0.15710
LTR,22834,0.78068,0.64076
LTR,22835,0.82567,0.96729
LTR,22836,0.66084,0.22149
LTR,22837,0.32949,0.13264
LTR,22838,0.77925,0.94572
LTR,22839,0.74979,0.17122
LTR,22840,0.57125,0.36459
LTR,22841,0.61643,0.08813
LTR,22842,0.66084,0.22149
LTR,22843,0.12617,0.13264
LTR,22844,0.49479,0.11583
LTR,22845,0.83042,0.11583
LTR,22846,0.79948,0.31272
LTR,22848,0.47543,0.09334
LTR,22849,0.46914,0.31960
LTR,22850,0.54370,0.30885
LTR,22851,1.00000,0.13264
LTR,22852,1.00000,0.63492
LTR,22853,0.58904,0.21492
LTR,22855,0.57202,0.94604
LTR,22856,0.70210,0.29435
LTR,22857,1.00000,0.34642
LTR,22858,0.08156,0.10606
LTR,22859,1.00000,0.96808
LTR,22860,0.61936,0.94548
LTR,22861,0.72752,0.95730
LTR,22862,0.81515,0.31960
LTR,22863,0.43071,0.15710
LTR,22864,0.44639,0.16625
LTR,22865,0.93947,0.94680
LTR,22866,0.26010,0.23769
LTR,22867,0.20774,0.30367
LTR,22868,0.79661,0.96716
LTR,22869,0.00000,0.00000
LTR,22870,0.78957,0.30885
LTR,22871,0.34867,0.34642
LTR,22872,0.52779,0.31164
LTR,22873,0.45041,0.14936
LTR,22874,0.85515,0.94863
LTR,22875,0.50357,0.21289
LTR,22876,0.18332,0.12041
LTR,22877,0.23323,0.05688
LTR,22878,0.74838,0.95932
LTR,22879,0.87861,0.96805
LTR,22880,0.95203,0.94810
LTR,22881,0.33916,0.06250
LTR,22882,0.84162,0.94336
LTR,22883,0.83471,0.50980
LTR,22884,0.32804,0.31466
LTR,22885,1.00000,0.96729
LTR,22886,0.40736,0.26223
LTR,22887,0.72614,0.28951
LTR,22888,0.41502,0.27533
LTR,22889,0.96152,0.95413
LTR,22890,0.53386,0.18299
LTR,22891,0.89116,0.96779
LTR,22892,0.59612,0.57085
LTR,22893,0.78559,0.49586
LTR,22894,0.50874,0.51953
LTR,22895,0.29312,0.17440
LTR,22896,0.36428,0.13643
LTR,22897,0.48523,0.07715
LTR,22898,0.61315,0.06250
LTR,22899,0.89552,0.96743
LTR,22900,0.47477,0.13264
LTR,22901,0.39482,0.18218
LTR,22903,0.62405,0.04297
LTR,22904,1.00000,0.24829
LTR,22905,0.47369,0.17742
LTR,22906,0.34519,0.12422
LTR,22907,1.00000,0.94218
LTR,22908,0.88731,0.94381
LTR,22909,0.55553,0.18907
LTR,22910,1.00000,0.34642
LTR,22911,0.59425,0.52558
LTR,22912,0.20071,0.09198
LTR,22913,0.42730,0.17519
LTR,22914,0.85393,0.32505
LTR,22915,0.80478,0.70558
LTR,22916,1.00000,0.34642
LTR,22917,0.95429,0.96805
LTR,22918,0.90881,0.96722
LTR,22919,0.81474,0.71222
LTR,22920,0.33380,0.09334
LTR,22921,0.83510,0.95579
LTR,22922,0.84276,0.95786
LTR,22923,0.79948,0.31272
LTR,22924,0.76211,0.94381
LTR,22925,0.92949,0.46364
LTR,22926,0.75258,0.95184
LTR,22927,0.67075,0.95500
LTR,22928,0.82567,0.96729
LTR,22929,0.69016,0.93750
LTR,22930,0.54482,0.94866
LTR,22931,0.82567,0.96729
LTR,22932,0.48409,0.94100
LTR,22933,0.61553,0.94553
LTR,22934,0.62559,0.94218
LTR,22935,0.82567,0.96729
LTR,22936,0.62559,0.94218
LTR,22937,0.63989,0.95308
LTR,22938,0.78735,0.95786
