runid,topic,ndcg@5,err@5
LTR,19945,0.60673,0.52118
LTR,19946,0.66084,0.22149
LTR,19947,0.38800,0.20252
LTR,19948,0.53955,0.31313
LTR,19949,0.72273,0.11011
LTR,19950,0.96314,0.95482
LTR,19951,0.51766,0.12298
LTR,19953,1.00000,0.95888
LTR,19954,0.96572,0.95192
LTR,19955,0.84089,0.25157
LTR,19956,0.71350,0.40375
LTR,19957,0.78770,0.10278
LTR,19958,0.91895,0.95860
LTR,19959,1.00000,0.13264
LTR,19960,0.84153,0.51247
LTR,19961,0.92548,0.58220
LTR,19962,0.89524,0.61386
LTR,19963,0.82159,0.37010
LTR,19964,0.59826,0.33007
LTR,19965,0.06229,0.01250
LTR,19966,0.33916,0.06250
LTR,19967,0.89156,0.27180
LTR,19968,0.71083,0.33351
LTR,19969,0.85173,0.95413
LTR,19970,0.95822,0.95140
LTR,19972,1.00000,0.21289
LTR,19973,1.00000,0.96808
LTR,19974,0.35032,0.23828
LTR,19975,0.89201,0.94972
LTR,19976,0.99065,0.96741
LTR,19977,0.78004,0.96104
LTR,19978,0.54761,0.16625
LTR,19979,0.90262,0.33217
LTR,19980,1.00000,0.63492
LTR,19981,0.78545,0.53998
LTR,19982,0.95399,0.95281
LTR,19983,0.54818,0.15001
LTR,19984,0.38297,0.10376
LTR,19985,1.00000,0.94766
LTR,19986,0.73357,0.94972
LTR,19987,0.65115,0.13643
LTR,19988,0.61075,0.32529
LTR,19989,0.85623,0.94106
LTR,19990,0.33916,0.06250
LTR,19991,0.77925,0.94572
LTR,19992,0.89041,0.56894
LTR,19993,0.93985,0.95863
LTR,19994,0.71978,0.26949
LTR,19995,0.47781,0.38295
LTR,19996,0.81236,0.94683
LTR,19997,0.81515,0.31960
LTR,19998,0.89329,0.31960
LTR,19999,0.17922,0.03255
LTR,20000,0.84536,0.31331
LTR,20001,0.36528,0.13264
LTR,20002,0.91071,0.94683
LTR,20003,1.00000,0.34642
LTR,20004,0.92156,0.94766
LTR,20005,0.31963,0.03750
LTR,20006,0.00000,0.00000
LTR,20007,0.63239,0.52151
LTR,20008,0.70203,0.94381
LTR,20009,0.68860,0.34642
LTR,20010,0.83445,0.60844
LTR,20011,1.00000,0.63492
LTR,20012,0.68860,0.34642
LTR,20013,0.36898,0.08374
LTR,20014,0.82271,0.37491
LTR,20015,0.75574,0.30644
LTR,20016,0.69956,0.51147
LTR,20017,0.85393,0.12041
LTR,20018,0.84430,0.38867
LTR,20020,0.00000,0.00000
LTR,20021,0.87001,0.95674
LTR,20022,0.93450,0.96706
LTR,20023,0.94966,0.59498
LTR,20024,0.93071,0.94218
LTR,20025,0.68860,0.34642
LTR,20026,0.75996,0.29193
LTR,20027,0.89902,0.57177
LTR,20028,0.94581,0.94683
LTR,20029,0.62518,0.47231
LTR,20030,0.56634,0.15977
LTR,20031,0.64478,0.94516
LTR,20032,0.94073,0.95222
LTR,20033,0.96969,0.96720
LTR,20034,1.00000,0.96729
LTR,20035,0.56785,0.17384
LTR,20036,0.50880,0.12041
LTR,20037,0.54377,0.18746
LTR,20038,0.91440,0.95939
LTR,20039,0.91253,0.33552
LTR,20040,0.85393,0.32505
LTR,20041,1.00000,0.34642
LTR,20042,0.59068,0.13300
LTR,20043,1.00000,0.60021
LTR,20044,0.88507,0.42252
LTR,20045,0.91278,0.96009
LTR,20046,0.00000,0.00000
LTR,20047,0.78591,0.95482
LTR,20048,0.47369,0.15485
LTR,20049,0.76940,0.29435
LTR,20050,0.59583,0.13264
LTR,20051,0.86131,0.29435
LTR,20052,0.88323,0.52558
LTR,20053,0.77134,0.27017
LTR,20054,0.64691,0.26502
LTR,20055,0.75724,0.58030
LTR,20056,0.75436,0.19973
LTR,20057,0.40542,0.12041
LTR,20058,0.67422,0.46899
LTR,20059,1.00000,0.51147
LTR,20060,0.61306,0.24829
LTR,20062,0.66886,0.14192
LTR,20063,0.00000,0.00000
LTR,20064,0.00000,0.00000
LTR,20065,0.89093,0.94626
LTR,20066,0.80576,0.26949
LTR,20067,0.29823,0.17384
LTR,20068,0.84326,0.95297
LTR,20069,0.69522,0.22526
LTR,20070,0.91543,0.95003
LTR,20071,1.00000,0.94972
LTR,20072,0.51412,0.31513
LTR,20073,0.00000,0.00000
LTR,20074,0.64557,0.28172
LTR,20075,0.84208,0.23329
LTR,20076,0.87359,0.94572
LTR,20077,0.87613,0.95710
LTR,20078,0.89754,0.56202
LTR,20079,0.74682,0.94233
LTR,20080,0.90977,0.62045
LTR,20081,1.00000,0.94972
LTR,20082,0.80446,0.95134
LTR,20083,1.00000,0.96754
LTR,20084,0.94073,0.95222
LTR,20085,0.88126,0.71251
LTR,20086,1.00000,0.96772
LTR,20087,0.95857,0.95669
LTR,20088,1.00000,0.96754
LTR,20089,0.79215,0.70713
LTR,20090,0.57830,0.95134
LTR,20091,0.37802,0.26949
LTR,20092,0.62238,0.54752
LTR,20093,0.68392,0.41884
LTR,20094,0.52441,0.52460
LTR,20095,0.85785,0.95449
LTR,20096,0.95244,0.96104
LTR,20097,0.54136,0.11597
LTR,20098,0.78082,0.57769
LTR,20099,0.50002,0.33007
LTR,20100,0.34519,0.12422
LTR,20101,0.31157,0.27742
LTR,20102,0.71289,0.70558
LTR,20103,0.71928,0.57677
LTR,20104,0.50355,0.36821
LTR,20105,0.73165,0.57938
LTR,20106,0.92503,0.62991
LTR,20107,0.28216,0.28710
LTR,20108,0.83471,0.50980
LTR,20109,1.00000,0.34642
LTR,20110,0.94204,0.96055
LTR,20111,0.60858,0.58511
LTR,20112,0.65682,0.26949
LTR,20113,0.82812,0.61386
LTR,20114,0.83579,0.54752
LTR,20115,0.89690,0.70944
LTR,20116,0.90310,0.62109
LTR,20117,0.65456,0.42252
LTR,20118,0.77974,0.70704
LTR,20119,0.89297,0.52344
LTR,20120,1.00000,0.54752
LTR,20121,0.98528,0.96789
LTR,20122,0.78559,0.49586
LTR,20123,0.73165,0.57938
LTR,20124,0.91253,0.33552
LTR,20125,0.84355,0.96729
LTR,20126,0.00000,0.00000
LTR,20127,0.50686,0.15977
LTR,20128,0.75989,0.59338
LTR,20129,0.76211,0.94381
LTR,20130,0.30771,0.15001
LTR,20131,0.73974,0.42252
LTR,20132,0.82812,0.61386
LTR,20133,0.86836,0.27743
LTR,20134,0.79973,0.96746
LTR,20135,0.57196,0.58439
LTR,20136,0.46701,0.35062
LTR,20137,0.40513,0.11876
LTR,20138,0.03353,0.01562
LTR,20139,0.88582,0.95783
LTR,20140,1.00000,0.06250
LTR,20141,0.45090,0.34124
LTR,20142,0.22287,0.27711
LTR,20143,0.85017,0.95944
LTR,20144,0.72848,0.96742
LTR,20146,0.89504,0.96808
LTR,20147,0.76991,0.95797
LTR,20148,0.79508,0.96742
LTR,20149,0.59822,0.25554
LTR,20150,0.82165,0.95355
LTR,20151,0.36380,0.30837
LTR,20152,0.69373,0.46181
LTR,20153,0.41194,0.25554
LTR,20154,0.57553,0.34642
LTR,20155,0.51204,0.37491
LTR,20156,0.36996,0.41498
LTR,20157,1.00000,0.96808
LTR,20158,0.41184,0.31616
LTR,20159,0.74466,0.60021
LTR,20160,0.71928,0.57677
LTR,20161,0.30483,0.28371
LTR,20162,0.71138,0.70863
LTR,20163,0.44095,0.35186
LTR,20164,0.34947,0.12666
LTR,20165,0.55354,0.37491
LTR,20166,0.60844,0.37491
LTR,20167,0.16958,0.02083
LTR,20168,0.85840,0.95923
LTR,20169,0.38935,0.22943
LTR,20170,0.38704,0.27742
LTR,20171,0.70412,0.56651
LTR,20172,0.66084,0.44271
LTR,20173,0.79425,0.58721
LTR,20174,0.92646,0.60584
LTR,20175,0.44625,0.37010
LTR,20176,0.79948,0.31272
LTR,20177,0.45101,0.43761
LTR,20178,0.56806,0.38867
LTR,20179,0.48763,0.48515
LTR,20180,0.68101,0.95906
LTR,20181,0.72476,0.48515
LTR,20182,0.58701,0.39000
LTR,20183,0.46188,0.32896
LTR,20184,0.39506,0.23329
LTR,20185,0.62582,0.43761
LTR,20186,0.58064,0.53766
LTR,20187,0.41093,0.32529
LTR,20188,0.66084,0.22149
LTR,20189,0.71796,0.59738
LTR,20190,0.34935,0.27319
LTR,20191,0.32103,0.11011
LTR,20192,0.24148,0.20252
LTR,20193,0.46287,0.37387
LTR,20194,0.80407,0.61684
LTR,20195,0.84805,0.95964
LTR,20196,0.40549,0.31680
LTR,20197,0.65945,0.96716
LTR,20198,0.57640,0.50951
LTR,20199,0.82329,0.96222
LTR,20200,0.17922,0.03255
LTR,20201,0.31176,0.24146
LTR,20202,0.51684,0.19383
LTR,20203,0.78407,0.38112
LTR,20204,0.16667,0.12298
LTR,20205,0.26974,0.14691
LTR,20206,0.85135,0.96104
LTR,20207,0.54579,0.93945
LTR,20208,0.00000,0.00000
LTR,20209,0.59221,0.37847
LTR,20210,0.59037,0.30837
LTR,20211,0.80275,0.59043
LTR,20212,0.61027,0.44655
LTR,20213,0.31565,0.03548
LTR,20214,0.62488,0.35865
LTR,20215,0.93425,0.96729
LTR,20216,0.35938,0.13216
LTR,20217,0.60967,0.27743
LTR,20218,0.88754,0.62741
LTR,20219,0.31559,0.12476
LTR,20220,0.60029,0.25633
LTR,20221,0.70614,0.50850
LTR,20222,0.68860,0.34642
LTR,20223,0.78031,0.56653
LTR,20224,0.22088,0.22943
LTR,20225,0.75369,0.52118
LTR,20226,0.54370,0.30885
LTR,20227,0.90310,0.62109
LTR,20228,0.68610,0.48924
LTR,20229,0.90137,0.96716
LTR,20230,0.57337,0.20699
LTR,20231,0.50240,0.40790
LTR,20232,0.57967,0.23384
LTR,20233,0.59152,0.44394
LTR,20234,0.63829,0.95616
LTR,20235,0.64755,0.95944
LTR,20236,0.93017,0.95790
LTR,20237,0.28490,0.24829
LTR,20238,0.62155,0.28323
LTR,20239,0.59683,0.43702
LTR,20240,0.00000,0.00000
LTR,20241,0.85173,0.95413
LTR,20242,0.33612,0.22526
LTR,20243,0.30736,0.17122
LTR,20244,0.59037,0.30837
LTR,20245,1.00000,0.96806
LTR,20246,0.68860,0.34642
LTR,20247,0.50716,0.48354
LTR,20248,0.34631,0.23372
LTR,20249,0.51336,0.41498
LTR,20250,0.27395,0.16258
LTR,20251,0.36581,0.30885
LTR,20252,0.67249,0.27742
LTR,20253,0.55271,0.40056
LTR,20254,1.00000,0.54752
LTR,20255,0.55118,0.22929
LTR,20256,0.41514,0.27874
LTR,20257,0.80502,0.95512
LTR,20258,0.47530,0.46778
LTR,20259,0.94471,0.95947
LTR,20260,0.96891,0.96251
LTR,20261,0.39108,0.33552
LTR,20262,1.00000,0.63492
LTR,20263,0.91094,0.96746
LTR,20264,0.64691,0.26502
LTR,20265,0.56691,0.95574
LTR,20266,0.41341,0.33254
LTR,20267,0.70717,0.59498
LTR,20268,0.30079,0.03255
LTR,20269,0.53741,0.35644
LTR,20270,0.25752,0.13062
LTR,20271,0.68642,0.23329
LTR,20272,0.29395,0.17456
LTR,20273,0.41093,0.32529
LTR,20274,0.55898,0.95795
LTR,20275,0.62876,0.27017
LTR,20276,0.13869,0.06250
LTR,20277,0.31015,0.14936
LTR,20278,0.61336,0.95197
LTR,20279,0.58802,0.32505
LTR,20280,0.80372,0.96767
LTR,20281,0.47624,0.44271
LTR,20282,0.48523,0.22559
LTR,20283,0.40265,0.15789
LTR,20284,0.48347,0.29435
LTR,20285,0.90310,0.62109
LTR,20286,0.38474,0.31473
LTR,20287,0.51766,0.12298
LTR,20288,0.82812,0.61386
LTR,20289,0.43468,0.57213
LTR,20290,0.41658,0.14638
LTR,20291,0.00000,0.00000
LTR,20292,0.52547,0.38867
LTR,20293,0.46793,0.31348
LTR,20294,0.92503,0.62991
LTR,20295,0.92503,0.62991
LTR,20296,0.73314,0.57525
LTR,20297,0.51224,0.50511
LTR,20298,0.29910,0.28172
LTR,20299,0.24708,0.17351
LTR,20300,0.81382,0.44494
LTR,20301,0.88315,0.96807
LTR,20302,0.38325,0.24860
LTR,20303,0.78438,0.43006
LTR,20304,0.74365,0.43761
LTR,20305,0.57202,0.47485
LTR,20306,0.31898,0.28399
LTR,20307,0.64775,0.45177
LTR,20308,0.27530,0.30885
LTR,20309,0.21362,0.17122
LTR,20310,1.00000,0.94972
LTR,20311,0.88695,0.32529
LTR,20312,0.48184,0.31680
LTR,20313,0.84355,0.96729
LTR,20314,0.85465,0.61418
LTR,20315,0.28135,0.24653
LTR,20316,0.12750,0.03125
LTR,20317,0.71047,0.95242
LTR,20318,0.78801,0.95192
LTR,20319,1.00000,0.96808
LTR,20320,0.12678,0.07481
LTR,20321,0.52547,0.38867
LTR,20322,0.82413,0.61156
LTR,20323,0.03027,0.03125
LTR,20324,0.61115,0.35044
LTR,20325,0.44454,0.28172
LTR,20326,0.44142,0.24829
LTR,20327,0.43729,0.30676
LTR,20328,0.12513,0.11876
LTR,20329,0.38684,0.33217
LTR,20330,0.57337,0.20699
LTR,20331,1.00000,0.63492
LTR,20332,0.43068,0.01562
LTR,20333,0.06229,0.01250
LTR,20334,0.75574,0.30644
LTR,20335,0.55851,0.07715
LTR,20336,0.80407,0.61684
LTR,20337,0.84156,0.62045
LTR,20338,1.00000,0.13264
LTR,20339,0.65948,0.95323
LTR,20340,0.07133,0.03125
LTR,20342,0.71928,0.57677
LTR,20343,0.93551,0.26949
LTR,20344,0.48102,0.22241
LTR,20345,0.40892,0.13264
LTR,20346,0.84156,0.62045
LTR,20347,0.89524,0.61386
LTR,20348,0.10426,0.01562
LTR,20349,0.50116,0.35817
LTR,20350,0.84156,0.62045
LTR,20351,0.88507,0.42252
LTR,20352,0.89297,0.52344
LTR,20353,1.00000,0.96772
LTR,20354,0.71092,0.62695
LTR,20355,0.91558,0.57155
LTR,20356,0.58784,0.51147
LTR,20357,0.90977,0.62045
LTR,20358,0.59883,0.95192
LTR,20359,0.28464,0.12041
LTR,20360,0.94788,0.56725
LTR,20361,0.70292,0.59338
LTR,20362,0.84430,0.38867
LTR,20363,0.54939,0.50884
LTR,20364,1.00000,0.60021
LTR,20365,0.90248,0.96260
LTR,20366,0.08586,0.02083
LTR,20367,0.63335,0.34206
LTR,20368,0.45169,0.32529
LTR,20369,0.28974,0.19411
LTR,20370,0.72546,0.96104
LTR,20371,0.85515,0.94863
LTR,20372,0.15708,0.10278
LTR,20373,0.65567,0.35561
LTR,20374,0.51075,0.23769
LTR,20375,0.53785,0.39244
LTR,20377,1.00000,0.06250
LTR,20378,0.07245,0.03548
LTR,20379,0.69735,0.56261
LTR,20380,0.79634,0.96024
LTR,20381,0.30738,0.16625
LTR,20382,0.85135,0.96104
LTR,20383,0.87613,0.95710
LTR,20384,0.89116,0.96779
LTR,20385,0.84411,0.57769
LTR,20386,0.19867,0.12422
LTR,20387,0.24225,0.22483
LTR,20388,0.69272,0.94728
LTR,20389,0.54377,0.18746
LTR,20390,0.50355,0.36821
LTR,20391,0.66663,0.62991
LTR,20392,0.38684,0.33217
LTR,20393,0.35400,0.23990
LTR,20394,0.77346,0.96700
LTR,20395,0.70717,0.59498
LTR,20396,0.34519,0.04297
LTR,20397,0.46181,0.35731
LTR,20398,0.92503,0.62991
LTR,20399,0.65562,0.55506
LTR,20400,0.74466,0.60021
LTR,20401,0.50926,0.34642
LTR,20402,0.46491,0.39919
LTR,20403,0.23813,0.11011
LTR,20404,0.80775,0.95540
LTR,20405,0.24789,0.15710
LTR,20406,0.07818,0.01250
LTR,20407,0.70292,0.59338
LTR,20408,0.81899,0.96772
LTR,20409,0.74385,0.95373
LTR,20410,0.22854,0.05078
LTR,20411,0.80501,0.60021
LTR,20412,0.51252,0.28399
LTR,20413,0.92503,0.62991
LTR,20414,0.70584,0.56725
LTR,20415,0.37108,0.50737
LTR,20416,0.58393,0.18579
LTR,20417,0.28266,0.21289
LTR,20418,0.92503,0.62991
LTR,20419,0.63432,0.44225
LTR,20420,0.78418,0.71233
LTR,20421,0.70249,0.57472
LTR,20422,0.79215,0.70713
LTR,20423,0.65083,0.62109
LTR,20424,0.63962,0.51138
LTR,20425,0.58581,0.48712
LTR,20426,0.89504,0.96808
LTR,20427,0.71630,0.23372
LTR,20428,0.86131,0.29435
LTR,20430,0.94445,0.29579
LTR,20431,0.83187,0.11011
LTR,20432,0.41384,0.14966
LTR,20433,0.02242,0.01562
LTR,20434,0.65668,0.56653
LTR,20435,0.74466,0.60021
LTR,20436,0.61991,0.96716
LTR,20437,0.39411,0.24587
LTR,20438,0.81963,0.61065
LTR,20439,0.88701,0.96227
LTR,20440,0.61506,0.49515
LTR,20441,0.32995,0.29579
LTR,20442,0.38033,0.22149
LTR,20443,0.93777,0.96746
LTR,20444,0.76987,0.29579
LTR,20445,0.08683,0.06478
LTR,20446,0.41093,0.32529
LTR,20447,0.84287,0.70888
LTR,20448,0.42610,0.34947
LTR,20449,0.56806,0.38867
LTR,20450,0.60607,0.70558
LTR,20451,0.77142,0.31331
LTR,20452,0.55176,0.35711
LTR,20453,0.71883,0.58454
LTR,20454,0.62238,0.54752
LTR,20455,1.00000,0.95944
LTR,20456,0.69627,0.95944
LTR,20457,0.20311,0.08813
LTR,20458,0.92503,0.62991
LTR,20459,0.66434,0.51147
LTR,20460,0.84768,0.96803
LTR,20461,0.57393,0.53290
LTR,20462,1.00000,0.96808
LTR,20463,0.69229,0.34155
LTR,20464,0.60317,0.95797
LTR,20465,0.86525,0.30885
LTR,20466,0.88852,0.96240
LTR,20467,0.33901,0.21492
LTR,20468,0.68179,0.57155
LTR,20469,0.95249,0.96802
LTR,20470,0.79792,0.16625
LTR,20471,0.31015,0.14936
LTR,20472,0.87480,0.62407
LTR,20473,0.37745,0.51247
LTR,20474,0.93977,0.53998
LTR,20475,0.70634,0.95409
LTR,20476,1.00000,0.29435
LTR,20477,1.00000,0.96808
LTR,20478,0.33167,0.24587
LTR,20479,0.79425,0.58721
LTR,20480,0.55085,0.36742
LTR,20481,0.68179,0.57155
LTR,20482,0.14986,0.03548
LTR,20483,1.00000,0.34642
LTR,20484,0.51818,0.17384
LTR,20485,1.00000,0.45508
LTR,20486,0.96689,0.95500
LTR,20487,0.56390,0.36737
LTR,20488,0.55085,0.42252
LTR,20489,0.95783,0.27742
LTR,20490,0.43062,0.11011
LTR,20491,0.54436,0.36821
LTR,20492,0.47037,0.07422
LTR,20493,0.96950,0.95743
LTR,20494,0.33604,0.09198
LTR,20495,1.00000,0.94972
LTR,20496,0.99082,0.62769
LTR,20497,0.95677,0.47379
LTR,20498,0.88582,0.95783
LTR,20499,0.71088,0.15565
LTR,20500,0.85205,0.25554
LTR,20501,0.63475,0.55129
LTR,20502,0.46359,0.27187
LTR,20503,1.00000,0.34642
LTR,20505,1.00000,0.24829
LTR,20506,0.53014,0.24817
LTR,20507,0.85083,0.18579
LTR,20508,0.58259,0.23349
LTR,20509,0.81515,0.31960
LTR,20510,0.57338,0.50854
LTR,20511,0.88507,0.42252
LTR,20512,1.00000,0.06250
LTR,20513,0.94445,0.29579
LTR,20514,0.75219,0.15195
LTR,20515,0.31277,0.04688
LTR,20516,0.95207,0.33007
LTR,20517,0.99612,0.95482
LTR,20518,0.92215,0.53290
LTR,20519,0.85205,0.25554
LTR,20520,1.00000,0.34642
LTR,20521,0.81016,0.57155
LTR,20522,0.42725,0.56261
LTR,20523,0.59448,0.52988
LTR,20524,0.95677,0.47379
LTR,20525,0.26095,0.15309
LTR,20526,0.28092,0.22526
LTR,20527,0.79955,0.94665
LTR,20528,1.00000,0.54752
LTR,20529,0.78082,0.57769
LTR,20530,0.50963,0.59498
LTR,20531,0.86607,0.96251
LTR,20532,0.89610,0.96742
LTR,20533,0.36831,0.26304
LTR,20534,1.00000,0.31960
LTR,20535,0.67282,0.54752
LTR,20536,0.82204,0.94766
LTR,20537,0.37108,0.50737
LTR,20538,0.73142,0.66256
LTR,20539,0.87772,0.59766
LTR,20540,0.31803,0.23329
LTR,20541,0.93110,0.96762
LTR,20542,0.63917,0.50645
LTR,20543,0.29793,0.33254
LTR,20544,0.39169,0.17310
LTR,20545,0.86192,0.52419
LTR,20546,0.40892,0.13264
LTR,20547,0.93347,0.96117
LTR,20548,0.83579,0.54752
LTR,20549,0.55244,0.39919
LTR,20550,0.96741,0.96244
LTR,20551,0.70717,0.59498
LTR,20552,0.08573,0.04647
LTR,20553,0.49924,0.35731
LTR,20554,0.81886,0.71098
LTR,20555,0.86879,0.12298
LTR,20556,0.31272,0.15356
LTR,20557,0.75374,0.44225
LTR,20558,0.85734,0.30837
LTR,20559,0.84097,0.64938
LTR,20560,1.00000,0.34642
LTR,20561,0.84320,0.49872
LTR,20562,0.97394,0.61065
LTR,20563,1.00000,0.54752
LTR,20564,0.79563,0.70730
LTR,20565,0.81181,0.96219
LTR,20566,0.61211,0.36360
LTR,20567,0.61306,0.24829
LTR,20568,0.59683,0.43702
LTR,20569,0.50217,0.43626
LTR,20570,0.66013,0.45438
LTR,20571,0.90310,0.62109
LTR,20572,0.58701,0.39000
LTR,20573,0.99148,0.96807
LTR,20574,0.61239,0.36849
LTR,20575,0.91188,0.95530
LTR,20576,0.74466,0.60021
LTR,20577,1.00000,0.34642
LTR,20578,0.94886,0.96763
LTR,20579,0.48759,0.50403
LTR,20580,1.00000,0.27743
LTR,20581,0.85183,0.44225
LTR,20582,0.77809,0.49976
LTR,20583,0.84287,0.70888
LTR,20584,0.36581,0.30885
LTR,20585,0.81658,0.57903
LTR,20586,0.92646,0.60584
LTR,20587,0.67796,0.18579
LTR,20588,0.79982,0.61573
LTR,20589,0.85513,0.71117
LTR,20590,0.48132,0.57692
LTR,20591,0.92503,0.62991
LTR,20592,1.00000,0.60021
LTR,20593,0.00000,0.00000
LTR,20594,0.30974,0.20054
LTR,20595,0.17843,0.10645
LTR,20596,0.57553,0.34642
LTR,20597,0.77142,0.31331
LTR,20598,0.26389,0.17384
LTR,20599,0.70635,0.95997
LTR,20600,0.64214,0.40058
LTR,20601,0.54608,0.27101
LTR,20602,0.55085,0.42252
LTR,20603,0.49470,0.51147
LTR,20604,0.15102,0.01250
LTR,20605,0.23284,0.05703
LTR,20606,0.33203,0.15195
LTR,20607,0.62238,0.54752
LTR,20608,0.58064,0.53766
LTR,20609,0.09035,0.03750
LTR,20610,0.95429,0.96805
LTR,20611,0.18313,0.15278
LTR,20612,0.58587,0.34206
LTR,20613,0.33409,0.27187
LTR,20614,0.39633,0.27180
LTR,20615,0.47826,0.33351
LTR,20616,0.14116,0.04297
LTR,20617,0.72752,0.95730
LTR,20618,0.30486,0.31225
LTR,20619,0.60894,0.40839
LTR,20620,0.78547,0.21395
LTR,20621,0.57337,0.18218
LTR,20622,0.34483,0.28399
LTR,20623,0.87072,0.57538
LTR,20624,0.70929,0.39153
LTR,20625,0.47952,0.63469
LTR,20626,0.44878,0.27874
LTR,20627,0.63298,0.46606
LTR,20628,0.67106,0.33158
LTR,20629,0.12750,0.03125
LTR,20630,0.38685,0.01250
LTR,20631,0.16975,0.13264
LTR,20632,0.36203,0.06641
LTR,20633,0.82812,0.61386
LTR,20635,0.12750,0.03125
LTR,20636,0.77118,0.60213
LTR,20637,0.81963,0.61065
LTR,20638,0.53665,0.60021
LTR,20639,0.84094,0.60543
LTR,20640,0.15585,0.05078
LTR,20641,0.84156,0.62045
LTR,20642,0.43942,0.21395
LTR,20643,0.21726,0.18907
LTR,20644,0.51344,0.26054
LTR,20645,0.29935,0.16484
LTR,20646,0.94819,0.96263
LTR,20647,0.54169,0.24146
LTR,20648,0.52084,0.46221
LTR,20649,0.55871,0.39621
LTR,20650,1.00000,0.63492
LTR,20651,0.35512,0.23992
LTR,20652,0.46632,0.33803
LTR,20653,0.74060,0.61212
LTR,20654,0.39687,0.45177
LTR,20655,0.58587,0.43066
LTR,20656,0.97593,0.96762
LTR,20657,1.00000,0.34642
LTR,20658,0.51566,0.61212
LTR,20659,0.93985,0.95863
LTR,20660,0.16141,0.07481
LTR,20661,0.46702,0.22876
LTR,20662,0.81586,0.70860
LTR,20663,0.68906,0.65996
LTR,20664,0.58224,0.47958
LTR,20665,0.10159,0.03125
LTR,20666,0.00000,0.00000
LTR,20667,0.86847,0.96747
LTR,20668,0.60045,0.40375
LTR,20669,0.42857,0.34642
LTR,20670,0.80275,0.59043
LTR,20671,0.55497,0.41498
LTR,20672,0.70584,0.56725
LTR,20673,0.10206,0.07481
LTR,20674,0.62278,0.39193
LTR,20675,0.04912,0.03125
LTR,20676,0.87729,0.96269
LTR,20677,0.35839,0.15039
LTR,20678,0.33188,0.17733
LTR,20679,0.43884,0.40839
LTR,20680,0.15079,0.08472
LTR,20681,0.69294,0.94810
LTR,20682,0.94357,0.96807
LTR,20683,0.21069,0.25859
LTR,20684,0.95868,0.94863
LTR,20685,0.58224,0.47958
LTR,20686,1.00000,0.34642
LTR,20687,0.96152,0.95413
LTR,20688,1.00000,0.13264
LTR,20689,0.00000,0.00000
LTR,20691,0.16958,0.02083
LTR,20692,0.88724,0.95281
LTR,20693,0.81611,0.94713
LTR,20694,0.79196,0.70502
LTR,20695,0.68504,0.32094
LTR,20696,0.62433,0.39919
LTR,20697,0.00000,0.00000
LTR,20698,0.59583,0.13264
LTR,20699,0.46114,0.15195
LTR,20700,1.00000,0.47958
LTR,20701,0.30738,0.16625
LTR,20702,0.26767,0.09766
LTR,20703,0.51693,0.13151
LTR,20704,1.00000,0.63492
LTR,20705,0.78449,0.40772
LTR,20706,0.90262,0.33217
LTR,20707,0.80071,0.53057
LTR,20708,0.78601,0.10606
LTR,20709,0.42433,0.34642
LTR,20710,0.60569,0.94535
LTR,20711,0.25532,0.19057
LTR,20712,0.81775,0.40839
LTR,20713,0.88507,0.42252
LTR,20714,0.96605,0.95730
LTR,20715,0.61075,0.32529
LTR,20716,0.75369,0.52118
LTR,20717,0.95253,0.96270
LTR,20718,1.00000,0.06250
LTR,20719,0.69372,0.95558
LTR,20720,1.00000,0.34642
LTR,20721,0.88695,0.32529
LTR,20722,0.85470,0.57677
LTR,20723,0.52838,0.15710
LTR,20724,1.00000,0.13264
LTR,20725,0.30079,0.03255
LTR,20726,0.77346,0.95823
LTR,20727,0.69103,0.17351
LTR,20728,0.96288,0.94889
LTR,20729,0.76971,0.45177
LTR,20730,0.85527,0.95646
LTR,20731,0.73122,0.46543
LTR,20732,0.85393,0.12041
LTR,20733,0.76940,0.29435
LTR,20734,0.23980,0.11583
LTR,20735,0.85265,0.50800
LTR,20736,0.79770,0.95297
LTR,20737,0.67621,0.36821
LTR,20738,0.89690,0.70944
LTR,20739,0.86349,0.94862
LTR,20740,0.32142,0.10606
LTR,20741,0.91253,0.33552
LTR,20742,0.40562,0.21492
LTR,20743,0.20568,0.04297
LTR,20744,1.00000,0.94972
LTR,20745,0.68860,0.34642
LTR,20746,0.16389,0.04297
LTR,20747,0.71409,0.95616
LTR,20748,0.23450,0.09375
LTR,20749,0.66515,0.14101
LTR,20750,0.55085,0.42252
LTR,20751,0.91081,0.95923
LTR,20752,0.82567,0.96729
LTR,20753,0.94509,0.94019
LTR,20755,0.69174,0.20196
LTR,20756,0.93065,0.28516
LTR,20757,0.68940,0.41498
LTR,20758,0.30312,0.08203
LTR,20759,0.92116,0.95558
LTR,20760,0.43071,0.15710
LTR,20761,0.66084,0.44271
LTR,20762,0.85206,0.57859
LTR,20763,0.40793,0.21647
LTR,20764,0.51693,0.13151
LTR,20765,0.43661,0.09766
LTR,20766,0.79486,0.51147
LTR,20767,1.00000,0.34642
LTR,20768,0.92182,0.23992
LTR,20769,0.85393,0.12041
LTR,20770,0.82812,0.61386
LTR,20771,0.57337,0.20699
LTR,20772,0.82168,0.94972
LTR,20773,0.85890,0.94889
LTR,20774,0.81598,0.95558
LTR,20775,1.00000,0.95888
LTR,20776,0.50880,0.12041
LTR,20777,0.64691,0.26502
LTR,20778,0.80478,0.70558
LTR,20779,0.42857,0.34642
LTR,20780,0.35998,0.17851
LTR,20781,0.90177,0.52118
LTR,20782,0.96689,0.95500
LTR,20783,0.90177,0.52118
LTR,20784,0.66434,0.51147
LTR,20785,0.67621,0.36821
LTR,20786,0.33333,0.13264
LTR,20787,0.83579,0.54752
LTR,20788,0.92210,0.96807
LTR,20789,0.61747,0.20252
LTR,20790,0.90262,0.33217
LTR,20791,0.68762,0.37491
LTR,20792,0.77266,0.17742
LTR,20793,0.90262,0.33217
LTR,20794,1.00000,0.12298
LTR,20795,0.00000,0.00000
LTR,20796,1.00000,0.95783
LTR,20797,0.89635,0.94665
LTR,20798,0.96689,0.95500
LTR,20799,0.27023,0.07481
LTR,20800,0.82507,0.70378
LTR,20801,0.73620,0.95140
LTR,20802,0.93003,0.95415
LTR,20803,0.51766,0.12298
LTR,20804,0.69695,0.34134
LTR,20805,0.79948,0.31272
LTR,20806,0.50291,0.23372
LTR,20807,0.35170,0.23769
LTR,20808,0.85984,0.94136
LTR,20809,0.87829,0.95409
LTR,20810,0.18154,0.01250
LTR,20811,0.52754,0.38112
LTR,20812,0.85863,0.58721
LTR,20813,0.75722,0.96013
LTR,20814,0.93977,0.53998
LTR,20815,0.74253,0.95569
LTR,20816,0.92035,0.95358
LTR,20817,0.95233,0.96804
LTR,20819,0.45229,0.26949
LTR,20820,0.53386,0.18299
LTR,20821,0.91253,0.33552
LTR,20822,0.53291,0.24587
LTR,20823,1.00000,0.95944
LTR,20824,1.00000,0.95783
LTR,20825,0.96891,0.96251
LTR,20826,0.90293,0.96754
LTR,20827,1.00000,0.95944
LTR,20828,0.90293,0.96754
LTR,20829,1.00000,0.95558
LTR,20830,1.00000,0.95783
LTR,20831,1.00000,0.95944
LTR,20832,0.19519,0.02083
LTR,20834,0.42080,0.15195
LTR,20835,0.81470,0.95239
LTR,20836,1.00000,0.95944
LTR,20837,0.88677,0.53758
LTR,20838,0.36005,0.04590
LTR,20839,0.79598,0.21289
LTR,20840,0.77266,0.17742
LTR,20841,1.00000,0.34642
LTR,20842,0.69406,0.43006
LTR,20843,0.78082,0.57769
LTR,20844,0.88507,0.42252
LTR,20845,0.96775,0.96758
LTR,20846,0.38273,0.54415
LTR,20847,0.78785,0.26367
LTR,20848,0.00000,0.00000
LTR,20849,0.92215,0.53290
LTR,20850,0.56132,0.31960
LTR,20851,0.44247,0.23769
LTR,20852,0.96396,0.95530
LTR,20853,0.57553,0.34642
LTR,20854,0.75703,0.60282
LTR,20855,0.68860,0.34642
LTR,20856,0.50355,0.36821
LTR,20857,0.60400,0.39621
LTR,20858,0.62657,0.23769
LTR,20859,0.56346,0.20252
LTR,20860,0.59220,0.37988
LTR,20861,0.79598,0.21289
LTR,20862,0.46358,0.12109
LTR,20863,0.79508,0.96742
LTR,20864,1.00000,0.93945
LTR,20865,0.96592,0.57677
LTR,20866,1.00000,0.34642
LTR,20867,0.88485,0.60021
LTR,20868,0.40531,0.26367
LTR,20869,1.00000,0.96729
LTR,20870,0.00000,0.00000
LTR,20871,0.84031,0.59498
LTR,20872,0.90262,0.33217
LTR,20873,0.57292,0.22876
LTR,20874,0.95203,0.94810
LTR,20875,0.62356,0.35711
LTR,20876,0.56132,0.31960
LTR,20877,0.56355,0.94683
LTR,20878,0.81802,0.41266
LTR,20879,0.65532,0.38112
LTR,20880,0.78957,0.30885
LTR,20881,0.34313,0.11011
LTR,20882,0.85734,0.30837
LTR,20883,0.24630,0.03125
LTR,20884,1.00000,0.95558
LTR,20885,1.00000,0.06250
LTR,20886,0.89638,0.96802
LTR,20887,0.44256,0.22701
LTR,20888,0.32777,0.18579
LTR,20889,0.77118,0.60213
LTR,20890,0.67249,0.27742
LTR,20891,0.86879,0.12298
LTR,20892,0.73283,0.06451
LTR,20893,0.76646,0.31164
LTR,20894,0.72066,0.63492
LTR,20895,0.93493,0.59008
LTR,20896,0.95811,0.56994
LTR,20897,0.41384,0.14966
LTR,20898,0.90640,0.29462
LTR,20899,0.85034,0.07422
LTR,20900,0.90603,0.09576
LTR,20901,0.25699,0.04590
LTR,20903,0.59038,0.25157
LTR,20904,0.87001,0.95674
LTR,20905,0.80331,0.29720
LTR,20906,0.55944,0.24829
LTR,20907,1.00000,0.94972
LTR,20908,0.59826,0.28156
LTR,20909,0.78116,0.55566
LTR,20910,0.95721,0.95445
LTR,20911,0.70566,0.38867
LTR,20912,0.30079,0.03255
LTR,20913,0.79522,0.94492
LTR,20914,1.00000,0.06250
LTR,20916,0.79514,0.71227
LTR,20917,0.88754,0.62741
LTR,20918,0.21399,0.03125
LTR,20919,0.72941,0.52895
LTR,20920,0.58114,0.28774
LTR,20921,0.75219,0.15195
LTR,20922,0.73253,0.94492
LTR,20923,0.91253,0.33552
LTR,20924,0.79072,0.58735
LTR,20925,0.72852,0.95378
LTR,20926,0.86657,0.95222
LTR,20927,0.68860,0.34642
LTR,20928,0.85017,0.94346
LTR,20929,0.66921,0.95358
LTR,20930,0.65092,0.04590
LTR,20931,0.59835,0.36821
LTR,20933,0.90262,0.33217
LTR,20934,0.94678,0.95003
LTR,20935,0.94204,0.96055
LTR,20936,0.46585,0.22943
LTR,20937,0.93425,0.96729
LTR,20939,0.38130,0.09302
LTR,20940,0.98404,0.61386
LTR,20941,0.95485,0.96709
LTR,20942,0.95868,0.94863
LTR,20943,0.75369,0.52118
LTR,20944,0.57553,0.34642
LTR,20945,0.78601,0.28934
LTR,20946,0.96843,0.95449
LTR,20947,0.66084,0.07481
LTR,20948,0.36898,0.08374
LTR,20949,0.61315,0.06250
LTR,20950,0.22953,0.13264
LTR,20951,0.90881,0.96722
LTR,20952,0.87271,0.52895
LTR,20953,0.58904,0.21492
LTR,20954,0.81949,0.94106
LTR,20955,0.70392,0.08203
LTR,20956,0.65092,0.04590
LTR,20957,0.26985,0.21761
LTR,20958,0.97394,0.61065
LTR,20959,0.61566,0.17742
LTR,20960,0.57553,0.34642
LTR,20961,0.84779,0.95358
LTR,20962,1.00000,0.96754
LTR,20964,0.92204,0.46899
LTR,20965,1.00000,0.13264
LTR,20966,0.63093,0.03125
LTR,20967,0.98427,0.95723
LTR,20968,0.76987,0.29579
LTR,20969,0.30657,0.14583
LTR,20971,0.96314,0.56894
LTR,20972,0.81263,0.49426
LTR,20975,0.98499,0.96694
LTR,20976,0.65481,0.09576
LTR,20977,1.00000,0.28710
LTR,20978,0.81802,0.41266
LTR,20979,0.75369,0.27180
LTR,20980,0.79681,0.24829
LTR,20981,0.68860,0.34642
LTR,20982,1.00000,0.34642
LTR,20983,0.50000,0.02083
LTR,20984,0.76971,0.45177
LTR,20986,1.00000,0.96772
LTR,20987,0.77480,0.49001
LTR,20988,1.00000,0.94972
LTR,20989,0.75464,0.27180
LTR,20990,0.71350,0.40375
LTR,20992,0.99088,0.96746
LTR,20993,1.00000,0.34642
LTR,20994,0.97277,0.96722
LTR,20995,0.68860,0.34642
LTR,20996,0.65682,0.26949
LTR,20997,1.00000,0.18750
LTR,20998,0.57145,0.40317
LTR,20999,0.44032,0.07430
LTR,21000,0.81515,0.31960
LTR,21001,1.00000,0.11011
LTR,21002,0.89201,0.94972
LTR,21003,0.79948,0.31272
LTR,21004,0.98719,0.51984
LTR,21005,0.96246,0.96803
LTR,21006,0.64691,0.26502
LTR,21007,0.79823,0.47958
LTR,21008,0.78130,0.46221
LTR,21009,0.83898,0.21492
LTR,21010,1.00000,0.09180
LTR,21011,0.94690,0.10278
LTR,21012,0.87889,0.58220
LTR,21013,0.90011,0.94273
LTR,21014,0.73774,0.31189
LTR,21015,0.52963,0.06451
LTR,21016,0.79598,0.21289
LTR,21017,0.93071,0.94218
LTR,21018,0.71226,0.06177
LTR,21019,0.49355,0.06478
LTR,21020,1.00000,0.61156
LTR,21021,0.68435,0.28843
LTR,21022,0.70210,0.29435
LTR,21023,0.68860,0.34642
LTR,21024,1.00000,0.13264
LTR,21025,1.00000,0.06250
LTR,21026,0.95782,0.50511
LTR,21027,0.70289,0.44394
LTR,21028,0.50880,0.09937
LTR,21029,0.85734,0.30837
LTR,21030,0.93431,0.94442
LTR,21031,0.86192,0.52419
LTR,21032,0.89505,0.95337
LTR,21033,0.92449,0.59237
LTR,21034,1.00000,0.34642
LTR,21035,0.70048,0.94933
LTR,21036,0.82818,0.30644
LTR,21037,0.82828,0.20767
LTR,21038,0.68630,0.24829
LTR,21039,0.33186,0.11068
LTR,21040,0.77389,0.24587
LTR,21041,0.91624,0.96806
LTR,21042,0.51187,0.13216
LTR,21043,0.49420,0.27997
LTR,21044,0.47473,0.12555
LTR,21045,1.00000,0.13264
LTR,21046,0.85083,0.18579
LTR,21047,1.00000,0.13264
LTR,21048,0.96862,0.30885
LTR,21049,1.00000,0.94972
LTR,21050,0.66690,0.52118
LTR,21052,0.46833,0.08472
LTR,21053,1.00000,0.34642
LTR,21054,0.63093,0.03125
LTR,21055,0.96314,0.95482
LTR,21056,0.50715,0.27004
LTR,21057,0.85083,0.18579
LTR,21058,0.84411,0.57769
LTR,21059,0.74601,0.34206
LTR,21060,0.67651,0.22943
LTR,21061,0.95916,0.96719
LTR,21062,1.00000,0.13264
LTR,21063,1.00000,0.93750
LTR,21064,0.54494,0.28335
LTR,21065,0.69854,0.27593
LTR,21066,1.00000,0.95944
LTR,21067,0.63124,0.20196
LTR,21068,1.00000,0.12298
LTR,21069,0.85078,0.95055
LTR,21070,0.16521,0.02734
LTR,21071,0.97981,0.52151
LTR,21072,0.81462,0.46364
LTR,21073,1.00000,0.94889
LTR,21074,1.00000,0.34642
LTR,21075,0.67796,0.18579
LTR,21076,1.00000,0.94572
LTR,21077,0.51252,0.28399
LTR,21078,0.87114,0.56698
LTR,21079,0.67796,0.18579
LTR,21080,0.98556,0.96709
LTR,21081,0.81563,0.28399
LTR,21082,0.84581,0.51147
LTR,21083,1.00000,0.34642
LTR,21084,0.86879,0.12298
LTR,21086,1.00000,0.13264
LTR,21087,1.00000,0.13264
LTR,21089,0.98404,0.61386
LTR,21090,1.00000,0.18750
LTR,21091,0.28877,0.13264
LTR,21092,0.84225,0.95526
LTR,21093,0.93947,0.94680
LTR,21094,0.76618,0.37345
LTR,21095,1.00000,0.62045
LTR,21096,1.00000,0.06250
LTR,21097,0.72307,0.31049
LTR,21098,1.00000,0.94572
LTR,21099,0.85125,0.95378
LTR,21100,1.00000,0.13264
LTR,21101,0.72448,0.34124
LTR,21102,0.97968,0.30644
LTR,21103,0.59935,0.15195
LTR,21105,0.72614,0.28951
LTR,21106,0.33203,0.15195
LTR,21107,1.00000,0.34642
LTR,21109,0.76987,0.29579
LTR,21110,1.00000,0.13264
LTR,21111,0.95811,0.56994
LTR,21112,0.81563,0.28399
LTR,21113,0.91558,0.57155
LTR,21114,1.00000,0.13264
LTR,21115,0.51477,0.06177
LTR,21116,0.74338,0.52113
LTR,21117,0.97759,0.95297
LTR,21118,1.00000,0.13264
LTR,21119,1.00000,0.09180
LTR,21120,0.81515,0.31960
LTR,21121,1.00000,0.13264
LTR,21123,0.97435,0.49975
LTR,21124,0.85890,0.94889
LTR,21125,1.00000,0.96729
LTR,21126,1.00000,0.31960
LTR,21127,0.96288,0.94889
LTR,21128,0.76940,0.29435
LTR,21129,1.00000,0.60021
LTR,21130,0.90262,0.33217
LTR,21131,0.47477,0.13264
LTR,21132,0.85083,0.18579
LTR,21133,0.93977,0.53998
LTR,21134,0.77428,0.70500
LTR,21135,1.00000,0.58735
LTR,21136,0.61035,0.11841
LTR,21137,0.46833,0.10606
LTR,21140,0.97290,0.59958
LTR,21142,1.00000,0.06250
LTR,21143,0.91972,0.08203
LTR,21145,0.83818,0.17742
LTR,21146,0.56521,0.11841
LTR,21147,0.69144,0.34307
LTR,21148,0.85393,0.12041
LTR,21149,0.45244,0.10091
LTR,21150,0.89361,0.58735
LTR,21152,1.00000,0.95415
LTR,21153,0.93230,0.29193
LTR,21154,0.89584,0.96706
LTR,21155,0.50000,0.02083
LTR,21156,0.91253,0.33552
LTR,21157,0.56659,0.32094
LTR,21159,0.93110,0.96762
LTR,21160,0.77725,0.37880
LTR,21161,0.77438,0.20196
LTR,21162,0.80756,0.35994
LTR,21163,1.00000,0.31960
LTR,21164,1.00000,0.18750
LTR,21165,0.82884,0.37735
LTR,21167,0.90235,0.94583
LTR,21168,0.91253,0.33552
LTR,21169,0.83187,0.11011
LTR,21170,0.62405,0.12422
LTR,21172,1.00000,0.12298
LTR,21173,0.58325,0.11499
LTR,21174,0.98998,0.95445
LTR,21175,0.75128,0.35041
LTR,21176,0.55630,0.18750
LTR,21177,0.92392,0.61418
LTR,21178,0.14529,0.04688
LTR,21179,1.00000,0.47958
LTR,21180,0.83477,0.94907
LTR,21181,1.00000,0.29435
LTR,21182,0.93771,0.28710
LTR,21183,0.98914,0.33217
LTR,21185,1.00000,0.13264
LTR,21186,0.79392,0.15991
LTR,21187,0.62837,0.33552
LTR,21188,0.92359,0.95055
LTR,21189,0.80634,0.40375
LTR,21190,0.54436,0.36821
LTR,21191,0.92215,0.53290
LTR,21192,0.53014,0.29579
LTR,21193,1.00000,0.29435
LTR,21194,1.00000,0.34642
LTR,21195,1.00000,0.52895
LTR,21196,0.64663,0.32193
LTR,21197,1.00000,0.96765
LTR,21198,0.93071,0.94218
LTR,21199,0.93771,0.28710
LTR,21200,0.73283,0.06451
LTR,21202,0.60209,0.31225
LTR,21203,1.00000,0.18750
LTR,21204,0.85515,0.94863
LTR,21205,0.79792,0.16625
LTR,21206,1.00000,0.95684
LTR,21207,1.00000,0.60021
LTR,21208,0.66707,0.18746
LTR,21209,0.99082,0.62769
LTR,21210,1.00000,0.29435
LTR,21211,1.00000,0.28710
LTR,21212,0.67085,0.47207
LTR,21213,0.45169,0.24759
LTR,21214,1.00000,0.34642
LTR,21215,0.93065,0.28516
LTR,21216,0.86836,0.27743
LTR,21217,1.00000,0.94972
LTR,21218,0.86279,0.44453
LTR,21219,0.66084,0.22149
LTR,21220,0.95583,0.47266
LTR,21221,0.99652,0.95172
LTR,21222,0.86879,0.12298
LTR,21223,1.00000,0.34642
LTR,21224,0.76990,0.15710
LTR,21225,1.00000,0.09180
LTR,21226,0.80481,0.29462
LTR,21227,1.00000,0.34642
LTR,21228,1.00000,0.34642
LTR,21229,1.00000,0.54752
LTR,21230,1.00000,0.33552
LTR,21231,1.00000,0.26367
LTR,21232,1.00000,0.47958
LTR,21233,1.00000,0.94653
LTR,21234,0.99278,0.94713
LTR,21235,0.97435,0.49975
LTR,21236,0.65878,0.15977
LTR,21237,0.59583,0.13264
LTR,21238,0.77266,0.17742
LTR,21241,0.96689,0.95500
LTR,21243,1.00000,0.95281
LTR,21244,0.69172,0.14873
LTR,21245,1.00000,0.47958
LTR,21246,0.96592,0.57677
LTR,21247,0.86525,0.30885
LTR,21248,0.55851,0.22559
LTR,21249,0.93230,0.29193
LTR,21250,0.16191,0.13264
LTR,21251,0.68642,0.23329
LTR,21252,0.41032,0.21761
LTR,21253,1.00000,0.06250
LTR,21254,0.44280,0.20930
LTR,21255,1.00000,0.52895
LTR,21256,1.00000,0.22876
LTR,21257,1.00000,0.13264
LTR,21258,0.82271,0.37491
LTR,21259,0.59755,0.33689
LTR,21260,0.93450,0.96706
LTR,21261,1.00000,0.09180
LTR,21262,0.86879,0.12298
LTR,21263,0.74295,0.30132
LTR,21264,0.98562,0.94442
LTR,21265,0.70734,0.19800
LTR,21266,1.00000,0.34642
LTR,21267,0.87722,0.07715
LTR,21268,0.94485,0.20020
LTR,21269,0.80907,0.36821
LTR,21271,0.83042,0.31473
LTR,21272,0.87507,0.49426
LTR,21273,1.00000,0.06250
LTR,21274,0.92233,0.96749
LTR,21275,1.00000,0.43750
LTR,21276,0.81665,0.20699
LTR,21277,0.43068,0.01562
LTR,21278,0.66084,0.22149
LTR,21279,0.48917,0.16625
LTR,21280,0.87009,0.71242
LTR,21281,0.83471,0.50980
LTR,21282,0.86849,0.71233
LTR,21283,0.83124,0.95359
LTR,21284,1.00000,0.95281
LTR,21285,1.00000,0.23992
LTR,21286,0.68200,0.42463
LTR,21288,1.00000,0.63492
LTR,21289,0.99595,0.52344
LTR,21290,0.84536,0.31331
LTR,21291,0.99365,0.94475
LTR,21292,0.95783,0.27742
LTR,21293,0.97547,0.96702
LTR,21294,0.74226,0.37901
LTR,21295,0.78601,0.28934
LTR,21296,0.63432,0.44225
LTR,21297,1.00000,0.57525
LTR,21298,0.93952,0.30837
LTR,21299,0.59583,0.13264
LTR,21300,1.00000,0.34642
LTR,21301,1.00000,0.96688
LTR,21302,0.70981,0.26758
LTR,21303,1.00000,0.13264
LTR,21304,0.60962,0.17548
LTR,21306,0.81386,0.22121
LTR,21307,0.42433,0.34642
LTR,21308,0.38685,0.01250
LTR,21309,0.79792,0.16625
LTR,21310,0.97902,0.27192
LTR,21311,0.80619,0.47266
LTR,21312,0.95598,0.94962
LTR,21313,1.00000,0.34642
LTR,21314,1.00000,0.13264
LTR,21315,0.39375,0.07481
LTR,21316,0.70147,0.47484
LTR,21317,0.76056,0.56391
LTR,21318,0.88695,0.32529
LTR,21319,0.96747,0.10553
LTR,21320,0.84807,0.24587
LTR,21321,1.00000,0.27743
LTR,21322,0.60854,0.44696
LTR,21323,0.73246,0.54705
LTR,21324,0.43068,0.01562
LTR,21325,1.00000,0.34642
LTR,21326,0.76368,0.49426
LTR,21327,0.00000,0.00000
LTR,21328,1.00000,0.94972
LTR,21329,1.00000,0.30493
LTR,21330,0.25758,0.06250
LTR,21332,1.00000,0.59498
LTR,21333,1.00000,0.13264
LTR,21334,1.00000,0.33007
LTR,21335,1.00000,0.24829
LTR,21336,0.76348,0.44922
LTR,21337,0.76990,0.15710
LTR,21338,0.93564,0.61073
LTR,21339,1.00000,0.13264
LTR,21340,0.69522,0.22526
LTR,21341,1.00000,0.47958
LTR,21342,0.38685,0.03125
LTR,21343,1.00000,0.11011
LTR,21344,0.34519,0.04297
LTR,21345,0.89041,0.56894
LTR,21346,0.77266,0.17742
LTR,21348,0.92604,0.27743
LTR,21349,0.84153,0.51247
LTR,21351,0.96211,0.94890
LTR,21352,0.96394,0.20443
LTR,21353,0.98763,0.52419
LTR,21355,0.93977,0.53998
LTR,21356,0.90030,0.95805
LTR,21357,1.00000,0.11011
LTR,21358,0.91712,0.94526
LTR,21359,1.00000,0.09180
LTR,21360,1.00000,0.18750
LTR,21362,0.85393,0.12041
LTR,21363,0.70752,0.58220
LTR,21364,0.50000,0.02083
LTR,21365,1.00000,0.31960
LTR,21366,1.00000,0.94766
LTR,21367,0.28999,0.09766
LTR,21368,0.84430,0.38867
LTR,21369,0.75958,0.58130
LTR,21370,0.66084,0.07481
LTR,21371,1.00000,0.34642
LTR,21372,0.93551,0.26949
LTR,21373,0.88849,0.26823
LTR,21374,0.73659,0.09302
LTR,21375,0.85083,0.18579
LTR,21376,0.95783,0.27742
LTR,21377,1.00000,0.12298
LTR,21378,1.00000,0.94847
LTR,21379,1.00000,0.30493
LTR,21380,1.00000,0.93750
LTR,21381,1.00000,0.22876
LTR,21382,0.97196,0.32529
LTR,21383,0.75219,0.15195
LTR,21384,0.70339,0.18218
LTR,21385,0.89896,0.23372
LTR,21386,0.91253,0.33552
LTR,21387,1.00000,0.34642
LTR,21388,0.68075,0.48020
LTR,21390,0.41248,0.12298
LTR,21391,0.88850,0.24146
LTR,21392,0.95868,0.94863
LTR,21393,0.76807,0.52895
LTR,21394,1.00000,0.06250
LTR,21395,1.00000,0.06250
LTR,21396,0.74295,0.30132
LTR,21397,1.00000,0.12298
LTR,21398,1.00000,0.96713
LTR,21400,0.75792,0.14673
LTR,21401,0.63946,0.44394
LTR,21402,1.00000,0.31960
LTR,21403,0.86879,0.33007
LTR,21404,0.86342,0.50812
LTR,21405,0.83368,0.60213
LTR,21407,0.99563,0.94863
LTR,21408,0.75996,0.29193
LTR,21409,0.73122,0.46543
LTR,21410,0.61315,0.06250
LTR,21411,0.85393,0.32505
LTR,21412,0.59583,0.13264
LTR,21413,0.84807,0.24587
LTR,21414,0.67027,0.32920
LTR,21415,0.83042,0.31473
LTR,21416,0.80722,0.40790
LTR,21417,0.21658,0.06451
LTR,21418,1.00000,0.18750
LTR,21419,1.00000,0.34642
LTR,21421,0.75219,0.15195
LTR,21422,0.67651,0.22943
LTR,21423,0.81135,0.36737
LTR,21424,0.84287,0.70888
LTR,21425,1.00000,0.58434
LTR,21426,0.96171,0.96227
LTR,21427,1.00000,0.59498
LTR,21428,1.00000,0.13264
LTR,21429,0.76963,0.20573
LTR,21430,0.81665,0.20699
LTR,21431,0.64860,0.94972
LTR,21432,0.63298,0.31300
LTR,21434,0.76732,0.57525
LTR,21435,1.00000,0.13264
LTR,21436,0.94794,0.94572
LTR,21437,1.00000,0.24829
LTR,21438,0.88695,0.32529
LTR,21439,0.92781,0.94516
LTR,21440,0.76248,0.36737
LTR,21441,0.28136,0.12041
LTR,21442,0.69604,0.17896
LTR,21443,0.88459,0.58406
LTR,21444,0.97196,0.32529
LTR,21445,0.62803,0.19766
LTR,21446,0.60950,0.09937
LTR,21447,0.72614,0.28951
LTR,21448,0.93071,0.94218
LTR,21450,0.92116,0.95558
LTR,21451,0.79681,0.24829
LTR,21452,0.88235,0.94475
LTR,21453,1.00000,0.94972
LTR,21454,1.00000,0.94572
LTR,21455,1.00000,0.09180
LTR,21456,0.66231,0.14009
LTR,21457,0.61346,0.15710
LTR,21458,0.88695,0.32529
LTR,21459,0.96211,0.94890
LTR,21460,1.00000,0.34642
LTR,21461,0.65304,0.30332
LTR,21462,0.90262,0.33217
LTR,21463,1.00000,0.60021
LTR,21464,0.61643,0.08813
LTR,21465,1.00000,0.34642
LTR,21466,1.00000,0.54752
LTR,21467,0.91727,0.52448
LTR,21468,0.63668,0.09180
LTR,21469,0.87250,0.22526
LTR,21470,0.78601,0.10606
LTR,21471,0.86287,0.94809
LTR,21472,0.95097,0.94279
LTR,21473,1.00000,0.62045
LTR,21474,0.63579,0.16625
LTR,21475,0.63093,0.09375
LTR,21476,0.88459,0.58406
LTR,21479,0.71220,0.28323
LTR,21480,0.79792,0.16625
LTR,21481,1.00000,0.94067
LTR,21482,0.50000,0.02083
LTR,21483,0.47889,0.28735
LTR,21484,0.80032,0.94398
LTR,21485,1.00000,0.24829
LTR,21486,0.83042,0.11583
LTR,21487,0.80576,0.26949
LTR,21488,0.38202,0.10376
LTR,21490,0.66084,0.07481
LTR,21491,0.79072,0.58735
LTR,21492,0.90262,0.33217
LTR,21493,0.96412,0.57155
LTR,21494,0.77117,0.15565
LTR,21496,0.78957,0.30885
LTR,21497,0.91253,0.33552
LTR,21498,0.54370,0.30885
LTR,21499,0.70745,0.28172
LTR,21500,0.84516,0.43188
LTR,21501,0.81457,0.19800
LTR,21502,0.96394,0.20443
LTR,21503,0.43068,0.01562
LTR,21504,0.81016,0.57155
LTR,21505,0.69514,0.50468
LTR,21506,0.70945,0.13300
LTR,21507,1.00000,0.94218
LTR,21508,0.68504,0.32094
LTR,21509,0.63093,0.46875
LTR,21510,0.96314,0.95482
LTR,21511,0.61826,0.20602
LTR,21512,0.62833,0.18218
LTR,21513,1.00000,0.11011
LTR,21514,0.95868,0.94863
LTR,21515,0.43467,0.20196
LTR,21516,0.83313,0.22701
LTR,21517,0.98216,0.95674
LTR,21518,0.84807,0.24587
LTR,21519,0.70981,0.26758
LTR,21520,0.78338,0.20930
LTR,21521,0.63093,0.03125
LTR,21522,0.95059,0.95308
LTR,21524,0.75436,0.19973
LTR,21525,0.76064,0.07481
LTR,21526,0.81070,0.22149
LTR,21527,0.84536,0.31331
LTR,21528,0.81658,0.57903
LTR,21530,0.96211,0.50645
LTR,21531,0.76945,0.57266
LTR,21532,1.00000,0.34642
LTR,21533,0.66707,0.18746
LTR,21534,0.50935,0.10645
LTR,21535,0.59935,0.15195
LTR,21536,1.00000,0.06250
LTR,21537,1.00000,0.95661
LTR,21538,0.18154,0.01250
LTR,21539,0.58654,0.09198
LTR,21540,1.00000,0.31960
LTR,21541,1.00000,0.13264
LTR,21542,0.95152,0.21633
LTR,21543,0.65900,0.11068
LTR,21544,0.65115,0.13643
LTR,21545,0.84153,0.51247
LTR,21546,0.84208,0.23329
LTR,21547,0.91972,0.08203
LTR,21548,0.65092,0.04590
LTR,21550,1.00000,0.24829
LTR,21551,0.86525,0.30885
LTR,21552,0.22037,0.19766
LTR,21553,1.00000,0.24829
LTR,21554,0.77449,0.18746
LTR,21555,1.00000,0.30493
LTR,21556,0.52737,0.25859
LTR,21557,0.98329,0.61025
LTR,21558,0.63293,0.29765
LTR,21559,0.48523,0.07715
LTR,21560,0.94485,0.20020
LTR,21561,1.00000,0.60669
LTR,21562,1.00000,0.94718
LTR,21563,0.91253,0.33552
LTR,21565,1.00000,0.30493
LTR,21566,0.57558,0.24311
LTR,21567,0.96288,0.94889
LTR,21568,1.00000,0.34642
LTR,21569,0.28877,0.13264
LTR,21570,0.68389,0.57165
LTR,21571,0.50000,0.02083
LTR,21572,0.82623,0.18750
LTR,21573,0.93257,0.96730
LTR,21574,0.22733,0.16625
LTR,21576,0.56782,0.10091
LTR,21577,0.96288,0.94889
LTR,21578,0.76230,0.49408
LTR,21579,0.89329,0.31960
LTR,21580,0.91972,0.08203
LTR,21582,1.00000,0.34642
LTR,21583,1.00000,0.96719
LTR,21584,0.63124,0.20196
LTR,21585,0.63473,0.57407
LTR,21586,1.00000,0.95743
LTR,21587,0.90262,0.33217
LTR,21588,0.86379,0.94841
LTR,21589,1.00000,0.29435
LTR,21590,0.96862,0.30885
LTR,21591,1.00000,0.95944
LTR,21592,0.63995,0.09302
LTR,21593,0.83042,0.11583
LTR,21594,0.92116,0.95558
LTR,21595,0.94570,0.62407
LTR,21596,0.71496,0.51491
LTR,21597,0.94379,0.58721
LTR,21598,0.95041,0.61573
LTR,21599,0.35584,0.04688
LTR,21600,0.91297,0.23769
LTR,21601,1.00000,0.13264
LTR,21602,0.68435,0.10278
LTR,21603,1.00000,0.34642
LTR,21604,0.89053,0.95999
LTR,21605,0.72727,0.14192
LTR,21606,0.95583,0.11583
LTR,21607,0.76990,0.15710
LTR,21608,0.85510,0.52151
LTR,21609,0.85393,0.12041
LTR,21610,1.00000,0.34642
LTR,21611,0.33985,0.15710
LTR,21612,0.96077,0.49426
LTR,21613,0.97520,0.23372
LTR,21615,0.87611,0.31272
LTR,21616,0.90235,0.94583
LTR,21617,0.83594,0.49586
LTR,21618,1.00000,0.13264
LTR,21619,1.00000,0.96754
LTR,21620,1.00000,0.34642
LTR,21622,1.00000,0.94516
LTR,21623,0.99148,0.96807
LTR,21624,0.66084,0.07481
LTR,21625,0.64551,0.21492
LTR,21626,1.00000,0.21289
LTR,21627,0.68619,0.50648
LTR,21628,0.91080,0.51147
LTR,21629,0.91253,0.33552
LTR,21630,0.32962,0.09297
LTR,21631,0.87322,0.26223
LTR,21632,0.66611,0.49117
LTR,21633,0.58503,0.18299
LTR,21635,0.63093,0.03125
LTR,21636,0.73642,0.42463
LTR,21637,1.00000,0.47958
LTR,21638,0.75219,0.15195
LTR,21639,1.00000,0.34642
LTR,21640,0.68903,0.27017
LTR,21641,0.21215,0.04647
LTR,21642,1.00000,0.34642
LTR,21644,1.00000,0.95558
LTR,21645,1.00000,0.34642
LTR,21646,0.59068,0.13300
LTR,21647,0.94422,0.96789
LTR,21648,0.00000,0.00000
LTR,21649,0.86879,0.12298
LTR,21650,0.56411,0.19304
LTR,21652,0.66084,0.22149
LTR,21653,0.56806,0.38867
LTR,21654,0.69343,0.05078
LTR,21655,1.00000,0.13264
LTR,21657,0.73955,0.54752
LTR,21658,0.91972,0.08203
LTR,21659,1.00000,0.22876
LTR,21660,0.92253,0.94346
LTR,21661,1.00000,0.13264
LTR,21662,0.86131,0.29435
LTR,21663,1.00000,0.34642
LTR,21664,1.00000,0.18750
LTR,21665,1.00000,0.30493
LTR,21666,0.74136,0.22943
LTR,21667,0.69123,0.20252
LTR,21668,0.95868,0.94863
LTR,21669,0.95152,0.21633
LTR,21670,0.76971,0.45177
LTR,21671,1.00000,0.53998
LTR,21672,0.94445,0.29579
LTR,21674,1.00000,0.11011
LTR,21675,0.94721,0.96710
LTR,21676,0.96743,0.95409
LTR,21677,0.39038,0.06250
LTR,21678,0.89201,0.94972
LTR,21679,0.97277,0.96722
LTR,21681,0.78843,0.22701
LTR,21682,0.70339,0.20699
LTR,21683,1.00000,0.13264
LTR,21684,0.93952,0.30837
LTR,21685,0.95783,0.27742
LTR,21686,0.73974,0.42252
LTR,21687,1.00000,0.09180
LTR,21688,1.00000,0.95684
LTR,21689,0.68860,0.34642
LTR,21690,0.76678,0.45269
LTR,21691,1.00000,0.13264
LTR,21692,0.90164,0.96775
LTR,21693,1.00000,0.18750
LTR,21694,1.00000,0.12298
LTR,21695,0.76940,0.29435
LTR,21696,0.76990,0.15710
LTR,21697,0.88695,0.32529
LTR,21698,0.95503,0.27017
LTR,21699,1.00000,0.13264
LTR,21700,0.79792,0.16625
LTR,21702,0.92783,0.57769
LTR,21703,0.34519,0.12422
LTR,21704,1.00000,0.06250
LTR,21705,0.85083,0.18579
LTR,21706,0.81665,0.20699
LTR,21708,0.91253,0.33552
LTR,21709,0.97196,0.32529
LTR,21710,0.64697,0.25157
LTR,21711,0.63093,0.03125
LTR,21712,0.96592,0.57677
LTR,21713,0.43068,0.01562
LTR,21714,0.67193,0.31189
LTR,21715,0.59583,0.13264
LTR,21716,1.00000,0.52895
LTR,21717,0.30018,0.09198
LTR,21718,0.67467,0.40790
LTR,21719,0.68688,0.18001
LTR,21720,0.75747,0.31225
LTR,21721,0.81775,0.40839
LTR,21722,0.64697,0.25157
LTR,21723,0.66051,0.62769
LTR,21724,0.92961,0.55566
LTR,21725,0.73122,0.35044
LTR,21726,0.63728,0.36737
LTR,21727,0.49635,0.19766
LTR,21728,0.94332,0.95649
LTR,21729,1.00000,0.54752
LTR,21730,1.00000,0.34642
LTR,21732,1.00000,0.34642
LTR,21733,0.97196,0.32529
LTR,21734,0.79948,0.31272
LTR,21735,1.00000,0.94067
LTR,21736,0.69172,0.14873
LTR,21737,1.00000,0.13264
LTR,21738,0.64974,0.17548
LTR,21740,0.54422,0.19800
LTR,21741,0.76940,0.29435
LTR,21742,0.97590,0.95155
LTR,21743,0.96382,0.96709
LTR,21744,0.86192,0.52419
LTR,21745,0.55010,0.09541
LTR,21748,0.77389,0.24587
LTR,21749,0.70637,0.13643
LTR,21750,0.88850,0.24146
LTR,21751,0.46833,0.10606
LTR,21752,0.92842,0.58500
LTR,21753,0.46833,0.08472
LTR,21754,1.00000,0.34642
LTR,21755,0.85393,0.12041
LTR,21756,0.70745,0.28172
LTR,21757,0.90262,0.33217
LTR,21758,0.93493,0.59008
LTR,21759,0.87366,0.70558
LTR,21760,1.00000,0.94766
LTR,21761,0.79792,0.16625
LTR,21762,0.90262,0.33217
LTR,21763,1.00000,0.34642
LTR,21764,1.00000,0.63492
LTR,21765,0.63093,0.09375
LTR,21766,0.97196,0.32529
LTR,21767,0.63093,0.03125
LTR,21768,0.89067,0.95500
LTR,21769,1.00000,0.34642
LTR,21770,1.00000,0.95558
LTR,21771,1.00000,0.95558
LTR,21772,0.77073,0.53290
LTR,21773,0.69343,0.05078
LTR,21774,1.00000,0.06250
LTR,21775,0.44088,0.13216
LTR,21776,1.00000,0.06250
LTR,21777,0.96969,0.96720
LTR,21778,0.91188,0.95530
LTR,21779,0.87237,0.55941
LTR,21780,1.00000,0.53998
LTR,21781,1.00000,0.13264
LTR,21783,1.00000,0.34642
LTR,21784,0.62850,0.35108
LTR,21785,0.90603,0.09576
LTR,21786,1.00000,0.34642
LTR,21787,1.00000,0.29435
LTR,21788,0.92435,0.60543
LTR,21789,0.38685,0.03125
LTR,21790,0.98404,0.61386
LTR,21792,1.00000,0.51147
LTR,21793,0.78601,0.10606
LTR,21794,0.60861,0.17519
LTR,21795,1.00000,0.94972
LTR,21796,0.69343,0.05078
LTR,21797,0.91173,0.94933
LTR,21798,0.66084,0.07481
LTR,21799,1.00000,0.34642
LTR,21800,0.76380,0.17519
LTR,21801,0.40992,0.24829
LTR,21802,0.90252,0.95076
LTR,21803,0.87426,0.24311
LTR,21804,0.90685,0.95449
LTR,21805,1.00000,0.63492
LTR,21806,1.00000,0.54752
LTR,21807,0.86879,0.33007
LTR,21808,0.91972,0.08203
LTR,21809,0.80158,0.28516
LTR,21810,0.27325,0.05078
LTR,21811,1.00000,0.52895
LTR,21812,0.22312,0.04297
LTR,21813,0.63876,0.45581
LTR,21814,0.76987,0.29579
LTR,21815,0.67042,0.14192
LTR,21816,0.59583,0.13264
LTR,21817,0.90262,0.33217
LTR,21818,0.65481,0.09576
LTR,21819,0.91949,0.28172
LTR,21820,0.82499,0.27742
LTR,21821,1.00000,0.06250
LTR,21822,0.53764,0.14673
LTR,21823,0.91253,0.33552
LTR,21824,0.73587,0.48101
LTR,21825,1.00000,0.28710
LTR,21826,0.26407,0.01562
LTR,21827,1.00000,0.34642
LTR,21828,0.65092,0.04590
LTR,21829,0.53579,0.34124
LTR,21830,0.77134,0.27017
LTR,21831,1.00000,0.94972
LTR,21832,1.00000,0.34642
LTR,21833,1.00000,0.53998
LTR,21834,0.96549,0.52460
LTR,21835,0.57337,0.18218
LTR,21836,0.82271,0.37491
LTR,21837,0.86131,0.29435
LTR,21839,0.99488,0.47224
LTR,21840,0.96197,0.94371
LTR,21842,0.92783,0.57769
LTR,21843,0.77142,0.31331
LTR,21844,0.98914,0.33217
LTR,21845,0.37018,0.17519
LTR,21846,0.96394,0.20443
LTR,21847,1.00000,0.96729
LTR,21848,0.83042,0.11583
LTR,21849,0.92503,0.62991
LTR,21850,1.00000,0.34642
LTR,21852,0.71468,0.52151
LTR,21854,1.00000,0.34642
LTR,21855,0.91253,0.33552
LTR,21856,0.85734,0.30837
LTR,21857,0.98562,0.94442
LTR,21858,0.43675,0.03548
LTR,21859,0.96689,0.95500
LTR,21860,0.93431,0.94442
LTR,21861,0.96438,0.94386
LTR,21862,0.88024,0.95569
LTR,21863,0.80407,0.61684
LTR,21864,0.95485,0.96709
LTR,21865,0.88672,0.94594
LTR,21866,0.93294,0.53766
LTR,21867,0.91188,0.95530
LTR,21868,0.84367,0.29579
LTR,21869,0.94581,0.94683
LTR,21870,0.90988,0.56994
LTR,21871,0.77389,0.24587
LTR,21872,0.61747,0.20252
LTR,21873,0.40317,0.24787
LTR,21874,1.00000,0.34642
LTR,21875,0.98715,0.27399
LTR,21876,1.00000,0.34642
LTR,21877,0.85734,0.30837
LTR,21878,1.00000,0.31331
LTR,21879,1.00000,0.13264
LTR,21880,0.83432,0.38112
LTR,21881,0.92503,0.62991
LTR,21882,0.83898,0.21492
LTR,21883,0.78078,0.15789
LTR,21884,0.81668,0.60183
LTR,21885,1.00000,0.06250
LTR,21886,0.70566,0.38867
LTR,21887,0.71226,0.06177
LTR,21888,0.96969,0.96720
LTR,21889,0.00000,0.00000
LTR,21890,0.87480,0.62407
LTR,21891,1.00000,0.13264
LTR,21892,0.67441,0.33539
LTR,21893,0.93881,0.95927
LTR,21894,0.88695,0.32529
LTR,21895,0.91253,0.33552
LTR,21896,1.00000,0.09180
LTR,21897,0.85393,0.32505
LTR,21898,0.90603,0.09576
LTR,21899,0.90603,0.09576
LTR,21900,0.41574,0.23299
LTR,21901,1.00000,0.34642
LTR,21902,0.94303,0.51630
LTR,21903,0.78957,0.30885
LTR,21905,0.95388,0.59043
LTR,21906,1.00000,0.96729
LTR,21907,0.83012,0.71242
LTR,21908,0.86131,0.29435
LTR,21909,1.00000,0.34642
LTR,21910,1.00000,0.22876
LTR,21911,0.94448,0.95239
LTR,21912,0.83898,0.21492
LTR,21913,0.38357,0.05078
LTR,21914,0.93977,0.53998
LTR,21915,0.90728,0.26367
LTR,21917,0.63093,0.03125
LTR,21918,0.38685,0.03125
LTR,21919,0.49242,0.25943
LTR,21920,0.51818,0.14876
LTR,21921,0.81382,0.44494
LTR,21922,0.93947,0.94680
LTR,21923,0.92116,0.95558
LTR,21924,0.91253,0.33552
LTR,21925,0.72418,0.22149
LTR,21926,0.75219,0.15195
LTR,21927,0.82412,0.49975
LTR,21928,0.63249,0.45152
LTR,21929,0.63579,0.16625
LTR,21930,0.90510,0.56391
LTR,21931,0.72262,0.21492
LTR,21932,0.91188,0.95530
LTR,21933,1.00000,0.95888
LTR,21934,1.00000,0.95783
LTR,21935,1.00000,0.96729
LTR,21936,0.93949,0.61025
LTR,21938,0.91253,0.33552
LTR,21939,1.00000,0.34642
LTR,21940,0.91253,0.33552
LTR,21941,0.57552,0.25050
LTR,21942,0.77274,0.23828
LTR,21943,0.61747,0.17805
LTR,21944,0.76990,0.15710
LTR,21945,0.73142,0.66256
LTR,21946,1.00000,0.63492
LTR,21947,0.00000,0.00000
LTR,21948,0.94445,0.29579
LTR,21949,1.00000,0.18750
LTR,21950,0.66972,0.30367
LTR,21951,0.57064,0.03548
LTR,21952,1.00000,0.94972
LTR,21953,0.81563,0.28399
LTR,21954,1.00000,0.96805
LTR,21955,1.00000,0.13264
LTR,21956,0.68435,0.10278
LTR,21957,0.38685,0.01250
LTR,21958,0.68945,0.50596
LTR,21959,1.00000,0.09180
LTR,21960,0.59069,0.35994
LTR,21961,0.65092,0.04590
LTR,21962,0.30834,0.15195
LTR,21963,0.52990,0.31225
LTR,21964,1.00000,0.26367
LTR,21965,0.79681,0.24829
LTR,21966,0.74316,0.94155
LTR,21967,0.61075,0.24759
LTR,21968,0.78830,0.39000
LTR,21969,0.94073,0.95222
LTR,21970,0.75951,0.18020
LTR,21971,1.00000,0.33552
LTR,21972,1.00000,0.34642
LTR,21973,0.95868,0.94863
LTR,21974,1.00000,0.24829
LTR,21975,0.93952,0.30837
LTR,21976,0.76990,0.15710
LTR,21977,1.00000,0.54752
LTR,21978,0.36528,0.13264
LTR,21979,1.00000,0.13264
LTR,21980,0.90462,0.95730
LTR,21981,0.61643,0.25034
LTR,21982,1.00000,0.13264
LTR,21983,0.66084,0.07481
LTR,21984,1.00000,0.34642
LTR,21985,0.42080,0.15195
LTR,21986,0.78601,0.10606
LTR,21987,0.90310,0.62109
LTR,21988,0.96747,0.10553
LTR,21989,0.74365,0.43761
LTR,21990,0.92865,0.52895
LTR,21991,0.66084,0.22149
LTR,21992,0.78957,0.30885
LTR,21993,0.90052,0.95297
LTR,21994,0.94690,0.10278
LTR,21995,0.47477,0.13264
LTR,21996,0.81775,0.40839
LTR,21997,0.90462,0.95730
LTR,21998,0.63093,0.46875
LTR,21999,0.76987,0.29579
LTR,22000,0.80766,0.28710
LTR,22001,0.94512,0.56202
LTR,22002,0.74136,0.22943
LTR,22003,1.00000,0.95783
LTR,22004,0.75792,0.14673
LTR,22005,0.48523,0.22559
LTR,22006,0.89554,0.27017
LTR,22007,0.64269,0.22701
LTR,22008,0.91253,0.33552
LTR,22009,0.79671,0.15039
LTR,22010,1.00000,0.94889
LTR,22011,1.00000,0.52895
LTR,22012,0.73747,0.26334
LTR,22013,1.00000,0.13264
LTR,22014,0.66084,0.22149
LTR,22015,0.91253,0.33552
LTR,22017,0.81189,0.30063
LTR,22018,0.66084,0.07481
LTR,22019,0.81515,0.31960
LTR,22020,0.91370,0.96741
LTR,22021,0.91576,0.57241
LTR,22022,0.55510,0.33786
LTR,22023,0.77438,0.20196
LTR,22024,0.90865,0.25554
LTR,22026,0.79602,0.56391
LTR,22027,0.90934,0.58681
LTR,22028,0.74429,0.28399
LTR,22030,1.00000,0.95783
LTR,22031,0.91431,0.24860
LTR,22032,0.80576,0.26949
LTR,22033,0.91253,0.33552
LTR,22034,0.92215,0.53290
LTR,22035,0.86781,0.59043
LTR,22036,0.88282,0.55566
LTR,22037,0.42080,0.15195
LTR,22038,0.97669,0.61503
LTR,22039,1.00000,0.94972
LTR,22040,0.30377,0.21647
LTR,22041,0.44685,0.04647
LTR,22042,1.00000,0.95723
LTR,22043,1.00000,0.29435
LTR,22044,0.85734,0.30837
LTR,22045,1.00000,0.63492
LTR,22046,0.51434,0.04647
LTR,22047,0.95503,0.27017
LTR,22049,0.54377,0.03255
LTR,22050,0.57292,0.22876
LTR,22051,1.00000,0.63492
LTR,22052,0.76940,0.29435
LTR,22053,1.00000,0.63492
LTR,22054,1.00000,0.34642
LTR,22055,0.55315,0.09180
LTR,22056,0.94098,0.58735
LTR,22057,0.69343,0.05078
LTR,22058,0.96556,0.96233
LTR,22059,0.51949,0.28323
LTR,22060,1.00000,0.34642
LTR,22061,0.63093,0.03125
LTR,22062,1.00000,0.33552
LTR,22063,0.96747,0.29462
LTR,22064,0.79792,0.16625
LTR,22065,0.91253,0.33552
LTR,22066,1.00000,0.09180
LTR,22067,0.69417,0.95249
LTR,22068,0.95868,0.94863
LTR,22069,0.90089,0.46332
LTR,22070,0.79361,0.26502
LTR,22071,0.83898,0.21492
LTR,22072,1.00000,0.94766
LTR,22073,0.91253,0.33552
LTR,22074,0.84156,0.62045
LTR,22075,0.79361,0.26502
LTR,22076,1.00000,0.34642
LTR,22077,0.77146,0.20972
LTR,22078,0.80576,0.26949
LTR,22079,0.97876,0.94516
LTR,22080,0.91972,0.23828
LTR,22081,0.89883,0.60669
LTR,22082,0.76307,0.94939
LTR,22083,1.00000,0.13264
LTR,22084,0.60962,0.06451
LTR,22085,0.90262,0.33217
LTR,22086,0.96314,0.95482
LTR,22087,0.95783,0.27742
LTR,22088,1.00000,0.94153
LTR,22089,0.56525,0.31331
LTR,22090,0.98487,0.93953
LTR,22091,0.93977,0.53998
LTR,22092,0.90325,0.94106
LTR,22093,0.93493,0.59008
LTR,22094,1.00000,0.54752
LTR,22095,0.63569,0.17384
LTR,22096,0.94396,0.59338
LTR,22097,0.97759,0.95297
LTR,22098,1.00000,0.54752
LTR,22099,0.96950,0.95743
LTR,22100,0.93802,0.94808
LTR,22101,0.79425,0.58721
LTR,22102,0.86879,0.12298
LTR,22103,0.70335,0.51247
LTR,22104,0.61075,0.32529
LTR,22105,0.40562,0.21492
LTR,22106,0.38243,0.50800
LTR,22107,0.62441,0.38867
LTR,22108,0.35298,0.20731
LTR,22109,0.38770,0.29208
LTR,22110,0.89130,0.45508
LTR,22111,0.86781,0.59043
LTR,22112,0.15679,0.07422
LTR,22113,0.78601,0.56971
LTR,22114,0.66655,0.96716
LTR,22115,1.00000,0.96806
LTR,22116,0.29784,0.11328
LTR,22117,0.24711,0.22559
LTR,22118,0.79973,0.96746
LTR,22119,0.74003,0.39193
LTR,22120,0.53386,0.18299
LTR,22121,0.82812,0.61386
LTR,22122,0.10703,0.04688
LTR,22123,0.92210,0.96807
LTR,22124,0.40776,0.10278
LTR,22125,1.00000,0.94972
LTR,22126,0.72202,0.60786
LTR,22127,0.74695,0.59787
LTR,22128,0.98907,0.95710
LTR,22129,0.52547,0.38867
LTR,22130,0.32797,0.35044
LTR,22131,0.54436,0.36821
LTR,22132,0.81911,0.71270
LTR,22133,0.47778,0.94873
LTR,22134,0.65082,0.07422
LTR,22135,0.42217,0.19269
LTR,22136,0.36668,0.25943
LTR,22137,0.91002,0.31473
LTR,22138,0.27395,0.16258
LTR,22139,0.64860,0.94972
LTR,22140,0.83042,0.31473
LTR,22142,0.76448,0.59498
LTR,22143,0.66416,0.33786
LTR,22144,1.00000,0.62045
LTR,22145,0.42407,0.14873
LTR,22146,0.57946,0.61684
LTR,22147,0.93002,0.96808
LTR,22148,0.88754,0.62741
LTR,22149,0.93781,0.94718
LTR,22150,0.84355,0.96729
LTR,22151,0.85734,0.30837
LTR,22152,0.89504,0.96808
LTR,22153,0.94597,0.95888
LTR,22154,0.88695,0.32529
LTR,22155,0.72448,0.34124
LTR,22156,0.59928,0.37010
LTR,22157,0.71108,0.95067
LTR,22158,0.62155,0.33217
LTR,22159,0.52547,0.38867
LTR,22160,0.60763,0.53022
LTR,22161,0.79079,0.95790
LTR,22162,0.62452,0.94889
LTR,22164,0.73955,0.54752
LTR,22165,0.74466,0.60021
LTR,22166,0.77769,0.58220
LTR,22167,0.70584,0.56725
LTR,22168,0.91653,0.62769
LTR,22169,0.88417,0.96729
LTR,22170,0.80549,0.94718
LTR,22171,0.85393,0.32505
LTR,22172,0.62850,0.35108
LTR,22173,0.91253,0.33552
LTR,22174,0.77818,0.96804
LTR,22175,1.00000,0.96772
LTR,22176,0.91624,0.96806
LTR,22177,0.41965,0.42252
LTR,22178,0.88417,0.96729
LTR,22179,0.96592,0.57677
LTR,22180,0.46032,0.15412
LTR,22181,0.58224,0.47958
LTR,22182,0.38044,0.20581
LTR,22183,0.45831,0.17851
LTR,22184,1.00000,0.34642
LTR,22185,0.83669,0.56651
LTR,22186,0.76990,0.15710
LTR,22188,0.81963,0.61065
LTR,22189,0.92503,0.62991
LTR,22190,0.91637,0.60213
LTR,22191,0.99082,0.62769
LTR,22192,0.27727,0.07734
LTR,22193,0.72536,0.48515
LTR,22194,0.78205,0.55492
LTR,22195,0.53386,0.18299
LTR,22196,0.69735,0.56261
LTR,22197,0.94597,0.95888
LTR,22198,0.40549,0.31680
LTR,22200,0.62582,0.43761
LTR,22201,0.76373,0.47379
LTR,22202,0.85472,0.61025
LTR,22204,0.61075,0.32529
LTR,22205,0.30383,0.09302
LTR,22206,0.80501,0.60021
LTR,22207,0.83042,0.31473
LTR,22208,0.88695,0.32529
LTR,22209,0.95244,0.96104
LTR,22210,1.00000,0.63492
LTR,22211,0.71108,0.95067
LTR,22212,0.44639,0.16625
LTR,22213,0.57553,0.34642
LTR,22214,0.91653,0.62769
LTR,22215,0.00000,0.00000
LTR,22216,0.81598,0.95558
LTR,22217,0.94597,0.95888
LTR,22218,0.70929,0.45269
LTR,22219,0.69921,0.10553
LTR,22220,0.69735,0.56261
LTR,22221,0.43423,0.14673
LTR,22222,0.60894,0.40839
LTR,22223,0.32142,0.10606
LTR,22224,0.93071,0.94218
LTR,22225,1.00000,0.96808
LTR,22226,0.51204,0.31738
LTR,22228,1.00000,0.96729
LTR,22229,0.97418,0.94808
LTR,22231,0.30834,0.15195
LTR,22232,0.60116,0.25633
LTR,22233,0.91762,0.95281
LTR,22234,0.98873,0.95669
LTR,22235,0.84566,0.41121
LTR,22236,0.32777,0.18579
LTR,22237,1.00000,0.60021
LTR,22238,0.44149,0.05078
LTR,22239,1.00000,0.06250
LTR,22240,0.85040,0.96804
LTR,22241,0.94379,0.58721
LTR,22242,0.74365,0.43761
LTR,22243,0.93777,0.96746
LTR,22244,0.93985,0.95863
LTR,22245,0.61306,0.24829
LTR,22246,1.00000,0.34642
LTR,22247,0.73312,0.56698
LTR,22248,0.68198,0.53290
LTR,22249,0.35755,0.29435
LTR,22250,0.88754,0.62741
LTR,22251,0.45967,0.33217
LTR,22252,0.64663,0.32193
LTR,22253,0.88959,0.95192
LTR,22254,0.95406,0.96765
LTR,22255,0.32390,0.21797
LTR,22256,0.88175,0.95445
LTR,22257,0.95203,0.94810
LTR,22258,0.62189,0.18907
LTR,22259,0.84355,0.96729
LTR,22260,1.00000,0.06250
LTR,22261,0.94509,0.94019
LTR,22262,0.61315,0.06250
LTR,22263,0.60936,0.12020
LTR,22264,0.78843,0.22701
LTR,22265,0.51044,0.19475
LTR,22266,0.97263,0.60891
LTR,22267,0.66637,0.54705
LTR,22268,0.21888,0.16454
LTR,22269,0.66843,0.50742
LTR,22270,0.93425,0.96729
LTR,22271,1.00000,0.94972
LTR,22272,0.64663,0.32193
LTR,22273,0.49276,0.23349
LTR,22274,0.61747,0.20252
LTR,22275,0.84417,0.95820
LTR,22276,0.00000,0.00000
LTR,22277,0.51949,0.33217
LTR,22278,0.30383,0.07266
LTR,22279,0.83042,0.31473
LTR,22280,0.81515,0.31960
LTR,22281,1.00000,0.11011
LTR,22282,0.59583,0.13264
LTR,22283,0.59583,0.13264
LTR,22284,0.31920,0.12258
LTR,22285,0.75254,0.29208
LTR,22286,0.75219,0.15195
LTR,22287,0.89504,0.96808
LTR,22288,0.71630,0.23372
LTR,22289,0.40038,0.13062
LTR,22290,0.36332,0.03548
LTR,22291,0.77508,0.95690
LTR,22292,0.34247,0.27742
LTR,22293,0.84260,0.52460
LTR,22294,1.00000,0.52895
LTR,22295,0.84156,0.62045
LTR,22296,0.57987,0.43750
LTR,22297,0.89896,0.23372
LTR,22298,0.54779,0.16959
LTR,22299,0.95868,0.94863
LTR,22300,0.87359,0.94572
LTR,22301,0.80907,0.36821
LTR,22302,0.73764,0.94863
LTR,22303,0.85470,0.57677
LTR,22304,0.88024,0.95569
LTR,22305,0.78205,0.55492
LTR,22306,0.47364,0.09766
LTR,22307,0.47360,0.27180
LTR,22308,0.56346,0.20252
LTR,22309,1.00000,0.13264
LTR,22310,0.00000,0.00000
LTR,22311,0.85734,0.30837
LTR,22312,0.63391,0.39970
LTR,22313,0.90248,0.96260
LTR,22314,0.71978,0.26949
LTR,22315,0.89754,0.56202
LTR,22316,0.72273,0.11011
LTR,22317,0.64372,0.39962
LTR,22318,0.93985,0.95863
LTR,22319,0.73696,0.94243
LTR,22320,0.82181,0.94312
LTR,22321,0.76307,0.94939
LTR,22322,0.90052,0.95297
LTR,22323,0.71787,0.96729
LTR,22324,0.93648,0.56261
LTR,22325,0.82812,0.61386
LTR,22326,0.42516,0.59278
LTR,22327,0.93353,0.96740
LTR,22328,0.91253,0.33552
LTR,22329,0.55944,0.24829
LTR,22330,0.94690,0.10278
LTR,22331,0.58904,0.21492
LTR,22332,0.96288,0.94889
LTR,22333,0.78001,0.95947
LTR,22334,0.86781,0.59043
LTR,22335,0.93641,0.95783
LTR,22336,0.62315,0.52460
LTR,22337,0.78761,0.39651
LTR,22338,0.96314,0.95482
LTR,22339,0.47820,0.60021
LTR,22340,0.71088,0.15565
LTR,22341,0.00000,0.00000
LTR,22342,0.81899,0.96772
LTR,22343,0.73122,0.46543
LTR,22344,0.70929,0.45269
LTR,22345,0.85863,0.58721
LTR,22346,0.74429,0.28399
LTR,22347,0.50721,0.34841
LTR,22348,0.66084,0.22149
LTR,22349,0.78773,0.94863
LTR,22350,0.25919,0.24829
LTR,22351,0.67316,0.95783
LTR,22352,0.28960,0.12298
LTR,22353,0.89080,0.28951
LTR,22354,0.74365,0.58032
LTR,22355,0.64691,0.26502
LTR,22356,0.60625,0.18750
LTR,22357,0.59069,0.95382
LTR,22358,0.56663,0.38666
LTR,22359,0.21399,0.09375
LTR,22360,0.76441,0.35259
LTR,22361,0.76263,0.95643
LTR,22362,0.73357,0.94972
LTR,22363,0.84153,0.51247
LTR,22364,0.88234,0.94653
LTR,22365,1.00000,0.34642
LTR,22366,0.32556,0.14691
LTR,22367,0.33924,0.31272
LTR,22368,0.97717,0.94153
LTR,22369,0.90192,0.95314
LTR,22370,0.46677,0.08472
LTR,22371,0.57986,0.38112
LTR,22372,0.61306,0.24829
LTR,22373,0.72623,0.18750
LTR,22374,0.82733,0.66429
LTR,22375,0.85515,0.94863
LTR,22376,0.54169,0.24146
LTR,22377,0.24091,0.08984
LTR,22378,0.57553,0.34642
LTR,22379,0.72273,0.11011
LTR,22380,0.58904,0.21492
LTR,22381,0.26785,0.20196
LTR,22382,0.50217,0.17896
LTR,22383,0.77105,0.60786
LTR,22384,0.87359,0.94572
LTR,22385,0.36528,0.13264
LTR,22386,0.95822,0.95140
LTR,22387,1.00000,0.94972
LTR,22388,0.93802,0.94808
LTR,22389,0.96843,0.95449
LTR,22390,0.93641,0.95783
LTR,22391,0.94788,0.56725
LTR,22392,1.00000,0.54752
LTR,22393,1.00000,0.63492
LTR,22394,0.89201,0.94972
LTR,22395,1.00000,0.96804
LTR,22396,0.89201,0.94972
LTR,22397,0.95894,0.96805
LTR,22399,0.90300,0.94718
LTR,22400,0.45506,0.22149
LTR,22401,0.86879,0.33007
LTR,22402,0.84173,0.96778
LTR,22403,1.00000,0.34642
LTR,22404,0.35527,0.12298
LTR,22405,0.47477,0.13264
LTR,22406,0.39481,0.09180
LTR,22408,0.85734,0.30837
LTR,22409,0.77975,0.53766
LTR,22410,0.39388,0.13501
LTR,22411,0.46580,0.15039
LTR,22412,0.58904,0.21492
LTR,22413,0.94597,0.95888
LTR,22414,0.57337,0.18218
LTR,22415,0.78931,0.52439
LTR,22416,0.44958,0.12323
LTR,22417,0.92156,0.94766
LTR,22418,1.00000,0.62991
LTR,22419,0.90262,0.33217
LTR,22420,0.96843,0.95449
LTR,22421,0.16049,0.10553
LTR,22422,0.79973,0.96746
LTR,22423,0.51477,0.19304
LTR,22424,1.00000,0.13264
LTR,22425,0.63728,0.36737
LTR,22426,0.76987,0.29579
LTR,22427,0.70210,0.29435
LTR,22428,0.66707,0.18746
LTR,22429,0.60548,0.22938
LTR,22430,0.64775,0.45177
LTR,22431,0.95203,0.94810
LTR,22432,0.63432,0.44225
LTR,22433,0.75219,0.15195
LTR,22434,0.55315,0.26367
LTR,22435,0.91253,0.33552
LTR,22436,1.00000,0.34642
LTR,22437,0.91253,0.33552
LTR,22438,0.03451,0.01250
LTR,22439,0.97759,0.95297
LTR,22440,0.86879,0.33007
LTR,22441,0.64663,0.32193
LTR,22442,0.32777,0.18579
LTR,22443,0.92815,0.96804
LTR,22444,0.51766,0.12298
LTR,22445,0.86781,0.59043
LTR,22446,0.50693,0.18907
LTR,22447,0.24630,0.03125
LTR,22448,0.66293,0.94933
LTR,22449,0.73696,0.27742
LTR,22450,0.64673,0.57177
LTR,22451,0.77389,0.24587
LTR,22452,0.17438,0.20443
LTR,22453,0.64912,0.40375
LTR,22454,1.00000,0.96729
LTR,22455,0.47055,0.16626
LTR,22456,0.57183,0.31473
LTR,22457,0.77142,0.31331
LTR,22459,0.70203,0.94381
LTR,22460,0.66084,0.07481
LTR,22461,0.26777,0.09576
LTR,22462,0.94597,0.95888
LTR,22463,0.93641,0.95783
LTR,22464,0.83582,0.94325
LTR,22465,0.38685,0.03125
LTR,22466,0.61306,0.24829
LTR,22467,0.59550,0.42252
LTR,22468,0.73122,0.46543
LTR,22469,0.74832,0.59278
LTR,22470,0.79948,0.31272
LTR,22471,0.62044,0.53290
LTR,22472,0.87154,0.47266
LTR,22473,0.72273,0.11011
LTR,22474,0.47446,0.52036
LTR,22476,0.51301,0.31135
LTR,22477,0.00000,0.00000
LTR,22478,0.47477,0.13264
LTR,22479,0.65682,0.26949
LTR,22481,0.14607,0.04688
LTR,22482,0.86879,0.33007
LTR,22483,0.61346,0.15710
LTR,22484,0.78407,0.38112
LTR,22485,0.85438,0.94381
LTR,22486,0.62833,0.20699
LTR,22487,0.74622,0.57363
LTR,22488,0.70291,0.94715
LTR,22490,0.74622,0.57363
LTR,22491,0.88721,0.95482
LTR,22492,0.96829,0.96688
LTR,22493,1.00000,0.13264
LTR,22494,0.52810,0.15991
LTR,22495,0.40654,0.25157
LTR,22496,0.63668,0.09180
LTR,22497,0.81563,0.28399
LTR,22498,0.40822,0.47458
LTR,22499,0.80446,0.95134
LTR,22500,1.00000,0.34642
LTR,22501,0.85880,0.95743
LTR,22502,0.90310,0.62109
LTR,22503,0.79948,0.31272
LTR,22504,0.78801,0.95192
LTR,22505,1.00000,0.95944
LTR,22506,0.54670,0.57797
LTR,22507,1.00000,0.34642
LTR,22508,0.95273,0.96739
LTR,22509,0.92850,0.96803
LTR,22510,0.90030,0.95805
LTR,22511,0.97497,0.96803
LTR,22512,0.98512,0.96742
LTR,22513,1.00000,0.96806
LTR,22514,0.71646,0.96754
LTR,22515,0.98512,0.96742
LTR,22516,0.60519,0.57126
LTR,22517,0.00000,0.00000
LTR,22518,0.86879,0.33007
LTR,22519,0.63579,0.16625
LTR,22520,0.93551,0.26949
LTR,22521,0.33333,0.13264
LTR,22522,0.80224,0.95415
LTR,22523,0.91253,0.33552
LTR,22524,1.00000,0.06250
LTR,22525,0.69406,0.43006
LTR,22526,0.47599,0.18579
LTR,22527,0.85880,0.46221
LTR,22528,0.96689,0.95500
LTR,22529,0.45918,0.22479
LTR,22530,0.57295,0.30054
LTR,22531,1.00000,0.96806
LTR,22532,0.80682,0.95093
LTR,22533,0.63024,0.57661
LTR,22534,0.94788,0.56725
LTR,22535,0.90293,0.96754
LTR,22536,0.67296,0.26334
LTR,22537,0.95894,0.96805
LTR,22538,0.85470,0.57677
LTR,22539,0.73405,0.95576
LTR,22540,0.75219,0.15195
LTR,22541,0.86879,0.12298
LTR,22542,0.81470,0.95239
LTR,22543,0.88695,0.32529
LTR,22544,0.89635,0.94665
LTR,22545,0.66084,0.22149
LTR,22546,0.90262,0.33217
LTR,22547,0.36528,0.11067
LTR,22548,0.48811,0.22526
LTR,22549,0.93947,0.94680
LTR,22550,0.58701,0.39000
LTR,22551,0.95233,0.96804
LTR,22552,0.71289,0.70558
LTR,22553,0.97986,0.94718
LTR,22554,0.10522,0.03548
LTR,22555,0.68642,0.23329
LTR,22556,0.46072,0.22770
LTR,22557,0.54311,0.38145
LTR,22558,0.88973,0.96228
LTR,22559,0.71690,0.94907
LTR,22560,0.79425,0.58721
LTR,22561,0.57337,0.20699
LTR,22562,0.93947,0.94680
LTR,22563,0.91895,0.95860
LTR,22564,0.85734,0.30837
LTR,22565,0.46308,0.27742
LTR,22566,0.77925,0.94572
LTR,22567,0.34313,0.08984
LTR,22568,0.86879,0.33007
LTR,22569,0.44984,0.21289
LTR,22570,0.61075,0.32529
LTR,22571,0.46308,0.27742
LTR,22572,0.73304,0.29720
LTR,22573,0.46331,0.34642
LTR,22574,0.65481,0.09576
LTR,22575,0.55944,0.24829
LTR,22576,0.84355,0.96729
LTR,22577,0.41662,0.10553
LTR,22578,0.55944,0.24829
LTR,22579,0.94063,0.96754
LTR,22580,0.96266,0.96698
LTR,22581,0.56346,0.17805
LTR,22582,0.70249,0.57472
LTR,22583,0.68860,0.34642
LTR,22584,0.39038,0.06250
LTR,22585,0.93425,0.96729
LTR,22587,0.81515,0.31960
LTR,22588,0.73974,0.36742
LTR,22589,0.53386,0.18299
LTR,22590,0.49947,0.55506
LTR,22591,0.90472,0.10606
LTR,22592,0.70566,0.38867
LTR,22593,1.00000,0.96772
LTR,22594,0.79486,0.51147
LTR,22595,0.41946,0.17122
LTR,22596,0.73486,0.70378
LTR,22597,0.97418,0.94808
LTR,22598,0.91117,0.95197
LTR,22599,0.96288,0.94889
LTR,22600,0.89814,0.94553
LTR,22601,0.59037,0.30837
LTR,22602,0.96381,0.94729
LTR,22603,0.83726,0.95721
LTR,22604,0.90262,0.33217
LTR,22605,0.64471,0.54394
LTR,22606,0.16958,0.06250
LTR,22607,0.65481,0.09576
LTR,22608,0.95034,0.95471
LTR,22609,0.90685,0.95449
LTR,22610,0.42857,0.34642
LTR,22611,0.93758,0.96709
LTR,22612,0.84921,0.94810
LTR,22613,0.55085,0.42252
LTR,22614,0.88043,0.55506
LTR,22615,0.46318,0.10645
LTR,22616,0.60933,0.94680
LTR,22617,0.50926,0.34642
LTR,22618,0.72565,0.95239
LTR,22619,0.49343,0.30837
LTR,22620,0.68533,0.94972
LTR,22621,0.66806,0.96722
LTR,22622,0.00000,0.00000
LTR,22623,0.94471,0.95444
LTR,22624,0.77911,0.38647
LTR,22625,0.77389,0.24587
LTR,22626,0.79698,0.96802
LTR,22627,0.89067,0.95500
LTR,22628,0.54162,0.36360
LTR,22629,0.26169,0.07266
LTR,22630,0.49071,0.28474
LTR,22631,0.68860,0.34642
LTR,22632,0.76943,0.94972
LTR,22633,0.79574,0.28951
LTR,22634,1.00000,0.95558
LTR,22635,0.00000,0.00000
LTR,22636,0.38322,0.94218
LTR,22637,0.13776,0.11068
LTR,22638,0.77967,0.60584
LTR,22639,0.87001,0.95674
LTR,22640,0.77152,0.96055
LTR,22641,0.67951,0.95088
LTR,22642,0.81598,0.95558
LTR,22643,0.96689,0.95500
LTR,22644,1.00000,0.96806
LTR,22645,0.60045,0.40375
LTR,22646,0.72786,0.94972
LTR,22647,0.91323,0.96804
LTR,22648,0.89525,0.95713
LTR,22649,0.96689,0.95500
LTR,22650,1.00000,0.96772
LTR,22651,1.00000,0.96806
LTR,22652,0.72786,0.94972
LTR,22653,0.00000,0.00000
LTR,22654,1.00000,0.18750
LTR,22655,0.41248,0.12298
LTR,22656,0.89693,0.95475
LTR,22657,0.68762,0.37491
LTR,22658,0.00000,0.00000
LTR,22659,0.66193,0.94583
LTR,22660,0.63828,0.49426
LTR,22661,0.48307,0.18750
LTR,22662,0.38860,0.07520
LTR,22663,0.98216,0.95674
LTR,22664,0.39732,0.04297
LTR,22665,1.00000,0.63492
LTR,22666,1.00000,0.96808
LTR,22667,1.00000,0.13264
LTR,22668,0.24219,0.15195
LTR,22669,0.94966,0.59498
LTR,22671,0.89690,0.70944
LTR,22672,0.90262,0.33217
LTR,22673,0.65116,0.15680
LTR,22674,0.44639,0.16625
LTR,22675,0.95822,0.95140
LTR,22676,0.48917,0.16625
LTR,22677,0.89386,0.96772
LTR,22678,0.68860,0.34642
LTR,22679,0.53386,0.18299
LTR,22680,0.31557,0.06451
LTR,22681,0.32704,0.15039
LTR,22682,0.73974,0.42252
LTR,22683,0.97759,0.95297
LTR,22684,0.33333,0.13264
LTR,22685,0.66084,0.07481
LTR,22686,0.72273,0.46221
LTR,22687,0.87754,0.96807
LTR,22688,1.00000,0.63492
LTR,22689,0.59583,0.13264
LTR,22690,0.84779,0.95358
LTR,22691,0.82855,0.57525
LTR,22693,0.65283,0.94153
LTR,22694,1.00000,0.95944
LTR,22695,0.56390,0.31135
LTR,22696,0.76732,0.57525
LTR,22697,0.86879,0.12298
LTR,22698,0.98404,0.61386
LTR,22699,0.53807,0.32094
LTR,22700,1.00000,0.95944
LTR,22701,0.90310,0.62109
LTR,22702,0.84733,0.94668
LTR,22703,0.40542,0.12041
LTR,22704,1.00000,0.13264
LTR,22705,0.79425,0.58721
LTR,22707,0.83165,0.96784
LTR,22708,0.59826,0.33007
LTR,22709,0.90262,0.33217
LTR,22710,0.65836,0.28710
LTR,22711,1.00000,0.95888
LTR,22712,0.46979,0.15680
LTR,22713,1.00000,0.34642
LTR,22714,1.00000,0.06250
LTR,22715,1.00000,0.95558
LTR,22716,0.23770,0.12422
LTR,22717,1.00000,0.63492
LTR,22718,0.27681,0.11583
LTR,22719,0.53367,0.47225
LTR,22720,0.67123,0.70558
LTR,22721,0.91253,0.33552
LTR,22722,0.99088,0.96746
LTR,22723,0.85890,0.94889
LTR,22724,0.68435,0.28843
LTR,22725,0.85087,0.57826
LTR,22726,0.48347,0.29435
LTR,22727,0.37573,0.16229
LTR,22728,0.42080,0.15195
LTR,22729,1.00000,0.34642
LTR,22730,0.53386,0.18299
LTR,22731,0.54985,0.94967
LTR,22732,0.57337,0.20699
LTR,22733,1.00000,0.96729
LTR,22734,0.31088,0.09576
LTR,22735,1.00000,0.34642
LTR,22736,0.65456,0.42252
LTR,22737,0.81515,0.31960
LTR,22738,0.16958,0.02083
LTR,22739,1.00000,0.13264
LTR,22740,0.83579,0.54752
LTR,22741,0.76082,0.94501
LTR,22742,1.00000,0.34642
LTR,22743,0.91895,0.95860
LTR,22744,0.73274,0.96746
LTR,22745,0.72768,0.36849
LTR,22746,0.56514,0.23992
LTR,22747,0.28912,0.07715
LTR,22748,0.77975,0.53766
LTR,22749,0.91253,0.33552
LTR,22750,1.00000,0.13264
LTR,22751,0.92503,0.62991
LTR,22752,0.90235,0.94583
LTR,22753,0.72623,0.18750
LTR,22754,1.00000,0.95888
LTR,22755,0.66517,0.22876
LTR,22756,1.00000,0.06250
LTR,22757,0.74429,0.28399
LTR,22758,0.90262,0.33217
LTR,22760,0.79681,0.24829
LTR,22761,0.36528,0.13264
LTR,22762,0.74161,0.57068
LTR,22763,0.45904,0.14192
LTR,22764,0.89361,0.58735
LTR,22765,0.88323,0.52558
LTR,22766,0.69012,0.95368
LTR,22767,0.62155,0.33217
LTR,22768,1.00000,0.34642
LTR,22769,1.00000,0.96754
LTR,22770,0.86879,0.12298
LTR,22771,0.91080,0.51147
LTR,22772,0.82484,0.41498
LTR,22773,0.88359,0.60947
LTR,22774,0.84960,0.94475
LTR,22775,0.92710,0.94381
LTR,22776,0.26407,0.01562
LTR,22777,0.10104,0.02083
LTR,22778,1.00000,0.95783
LTR,22779,0.68996,0.53766
LTR,22780,0.92392,0.61418
LTR,22781,0.95233,0.96804
LTR,22782,1.00000,0.63492
LTR,22784,0.74106,0.52105
LTR,22785,0.86367,0.96806
LTR,22786,0.00000,0.00000
LTR,22787,0.80741,0.95991
LTR,22788,0.88582,0.95783
LTR,22789,0.88507,0.42252
LTR,22790,0.96689,0.95500
LTR,22791,0.97759,0.95297
LTR,22792,0.95868,0.94863
LTR,22793,0.96689,0.95500
LTR,22795,0.72039,0.52419
LTR,22797,0.46585,0.22943
LTR,22798,0.53386,0.18299
LTR,22799,1.00000,0.94972
LTR,22800,0.87593,0.96709
LTR,22801,0.04374,0.01250
LTR,22802,0.92182,0.23992
LTR,22803,0.59583,0.13264
LTR,22804,0.91653,0.62769
LTR,22805,0.16007,0.04688
LTR,22806,0.99088,0.96746
LTR,22807,0.00000,0.00000
LTR,22808,0.33916,0.06250
LTR,22809,0.88695,0.32529
LTR,22810,1.00000,0.96806
LTR,22811,0.10654,0.01250
LTR,22812,1.00000,0.94972
LTR,22813,0.35272,0.29208
LTR,22814,0.32962,0.09297
LTR,22815,0.69406,0.43006
LTR,22816,0.71604,0.28516
LTR,22817,0.33958,0.11583
LTR,22818,0.66084,0.07481
LTR,22819,0.92392,0.96724
LTR,22820,0.69663,0.47958
LTR,22821,0.69695,0.34134
LTR,22822,0.77389,0.24587
LTR,22823,0.61747,0.20252
LTR,22824,1.00000,0.54752
LTR,22825,0.78545,0.53998
LTR,22826,0.53295,0.14192
LTR,22827,0.94597,0.95888
LTR,22828,0.52963,0.17548
LTR,22829,0.24581,0.13661
LTR,22830,1.00000,0.34642
LTR,22831,0.00000,0.00000
LTR,22832,1.00000,0.47958
LTR,22833,0.73805,0.17384
LTR,22834,0.99353,0.95863
LTR,22835,1.00000,0.96804
LTR,22836,0.88695,0.32529
LTR,22837,0.23039,0.10553
LTR,22838,0.79522,0.94492
LTR,22839,0.38130,0.09302
LTR,22840,0.91558,0.57155
LTR,22841,0.49126,0.05688
LTR,22842,0.67651,0.22943
LTR,22843,0.47128,0.33530
LTR,22844,0.65115,0.13643
LTR,22845,1.00000,0.13264
LTR,22846,0.91253,0.33552
LTR,22848,0.06229,0.01250
LTR,22849,0.46012,0.31272
LTR,22850,0.53291,0.24587
LTR,22851,1.00000,0.13264
LTR,22852,0.91653,0.62769
LTR,22853,0.70210,0.29435
LTR,22855,0.85017,0.95944
LTR,22856,0.54377,0.18746
LTR,22857,0.91253,0.33552
LTR,22858,0.74966,0.94979
LTR,22859,0.93002,0.96808
LTR,22860,0.73543,0.95445
LTR,22861,1.00000,0.96772
LTR,22862,0.65682,0.26949
LTR,22863,0.31766,0.10091
LTR,22864,0.53386,0.18299
LTR,22865,0.93947,0.94680
LTR,22866,0.87025,0.56771
LTR,22867,0.97859,0.96805
LTR,22868,1.00000,0.96804
LTR,22869,0.43068,0.01562
LTR,22870,0.81515,0.31960
LTR,22871,0.69222,0.44901
LTR,22872,0.62837,0.33552
LTR,22873,0.88695,0.32529
LTR,22874,0.89201,0.94972
LTR,22875,0.68277,0.24860
LTR,22876,0.21468,0.13264
LTR,22877,0.73452,0.23992
LTR,22878,1.00000,0.96772
LTR,22879,0.96238,0.96808
LTR,22880,0.95203,0.94810
LTR,22881,0.48523,0.07715
LTR,22882,0.58489,0.41891
LTR,22883,0.56132,0.31960
LTR,22884,0.84761,0.96698
LTR,22885,1.00000,0.96729
LTR,22886,0.82812,0.61386
LTR,22887,0.60116,0.25633
LTR,22888,0.66517,0.53272
LTR,22889,0.82168,0.94972
LTR,22890,0.66084,0.22149
LTR,22891,0.75528,0.96726
LTR,22892,0.77118,0.60213
LTR,22893,0.89942,0.53272
LTR,22894,0.71104,0.56081
LTR,22895,0.57301,0.49001
LTR,22896,0.81515,0.31960
LTR,22897,0.33916,0.06250
LTR,22898,0.00000,0.00000
LTR,22899,1.00000,0.96765
LTR,22900,0.47477,0.13264
LTR,22901,0.39482,0.18218
LTR,22903,0.91972,0.08203
LTR,22904,1.00000,0.24829
LTR,22905,0.31736,0.12298
LTR,22906,0.42730,0.17519
LTR,22907,0.69514,0.50468
LTR,22908,0.88731,0.94381
LTR,22909,0.76940,0.29435
LTR,22910,1.00000,0.34642
LTR,22911,0.41093,0.32529
LTR,22912,0.47402,0.26502
LTR,22913,0.47599,0.18579
LTR,22914,0.49126,0.15659
LTR,22915,0.82636,0.70579
LTR,22916,0.91253,0.33552
LTR,22917,0.95894,0.96805
LTR,22918,0.90593,0.96720
LTR,22919,0.91181,0.96222
LTR,22920,0.55315,0.26367
LTR,22921,0.80767,0.95189
LTR,22922,1.00000,0.96729
LTR,22923,0.91253,0.33552
LTR,22924,0.72525,0.94218
LTR,22925,1.00000,0.47958
LTR,22926,0.93985,0.95863
LTR,22927,1.00000,0.96772
LTR,22928,1.00000,0.96804
LTR,22929,0.97582,0.95345
LTR,22930,1.00000,0.96806
LTR,22931,1.00000,0.96804
LTR,22932,0.71151,0.95390
LTR,22933,0.93425,0.96729
LTR,22934,1.00000,0.95888
LTR,22935,1.00000,0.96804
LTR,22936,1.00000,0.95888
LTR,22937,1.00000,0.96806
LTR,22938,0.97456,0.96749
