runid,topic,ndcg@5,err@5
indri,51,0.05358,0.06901
indri,52,0.00000,0.00000
indri,53,0.17257,0.29034
indri,54,0.00000,0.00000
indri,55,0.00000,0.00000
indri,56,0.00000,0.00000
indri,57,0.14286,0.24718
indri,58,0.45546,0.87500
indri,59,0.00000,0.00000
indri,60,0.00000,0.00000
indri,61,0.05653,0.04167
indri,62,0.07133,0.06250
indri,63,0.00000,0.00000
indri,64,0.00000,0.00000
indri,65,0.00000,0.00000
indri,66,0.12316,0.18750
indri,67,0.43226,0.27783
indri,68,0.00000,0.00000
indri,69,0.12762,0.15234
indri,70,0.00000,0.00000
indri,71,0.00000,0.00000
indri,72,0.00000,0.00000
indri,73,0.33333,0.24718
indri,74,0.11305,0.12500
indri,75,0.05757,0.12500
indri,76,0.07354,0.11810
indri,77,0.00000,0.00000
indri,78,0.03568,0.03125
indri,79,0.00000,0.00000
indri,80,0.78601,0.20213
indri,81,0.00000,0.00000
indri,82,0.00000,0.00000
indri,83,0.00000,0.00000
indri,84,0.69854,0.49585
indri,85,0.26142,0.42773
indri,86,1.00000,0.91507
indri,87,0.13869,0.12500
indri,88,0.21399,0.18750
indri,89,0.00000,0.00000
indri,90,0.00000,0.00000
indri,91,0.00000,0.00000
indri,92,0.00000,0.00000
indri,93,0.00000,0.00000
indri,94,0.00000,0.00000
indri,96,0.06904,0.06354
indri,97,0.09242,0.05312
indri,98,0.03892,0.04167
indri,99,0.00000,0.00000
