runid,topic,ndcg@20,err@20
lgbm,151,0.27065,0.51139
lgbm,152,0.00000,0.00000
lgbm,153,0.12284,0.21490
lgbm,154,0.23643,0.29047
lgbm,155,0.25669,0.35887
lgbm,156,0.06014,0.07057
lgbm,157,0.02943,0.02496
lgbm,158,0.17957,0.23412
lgbm,159,0.55235,0.96808
lgbm,160,0.02858,0.00783
lgbm,161,0.00000,0.00000
lgbm,162,0.00520,0.01042
lgbm,163,0.03560,0.05251
lgbm,164,0.09046,0.19141
lgbm,165,0.04689,0.14583
lgbm,166,0.01541,0.02450
lgbm,167,0.05238,0.05714
lgbm,168,0.57373,0.96808
lgbm,169,0.39954,0.27067
lgbm,170,0.00000,0.00000
lgbm,171,0.24285,0.38385
lgbm,172,0.02890,0.12806
lgbm,173,0.17264,0.20378
lgbm,174,0.31627,0.19782
lgbm,175,0.31819,0.58484
lgbm,176,0.00736,0.01562
lgbm,177,0.33674,0.11314
lgbm,178,0.37354,0.32486
lgbm,179,0.00000,0.00000
lgbm,180,0.01977,0.06701
lgbm,181,0.16737,0.13393
lgbm,182,0.18140,0.18885
lgbm,183,0.00000,0.00000
lgbm,184,0.51879,0.96718
lgbm,185,0.04464,0.09403
lgbm,186,0.00984,0.01752
lgbm,187,0.12560,0.15506
lgbm,188,0.00806,0.00329
lgbm,189,0.00000,0.00000
lgbm,190,0.02683,0.05843
lgbm,191,0.06477,0.11430
lgbm,192,0.15448,0.24635
lgbm,193,0.18022,0.11856
lgbm,194,0.17382,0.15245
lgbm,195,0.03406,0.00368
lgbm,196,0.08942,0.12104
lgbm,197,0.19461,0.32688
lgbm,198,0.42160,0.94988
lgbm,199,0.06981,0.19202
lgbm,200,0.22624,0.11637
