runid,topic,ndcg@20,err@20
lgbm,51,0.36606,0.88938
lgbm,52,0.28056,0.91218
lgbm,53,0.10521,0.14987
lgbm,54,0.00000,0.00000
lgbm,55,0.53498,0.28775
lgbm,56,0.46156,0.57932
lgbm,57,0.10857,0.24609
lgbm,58,0.63550,0.58845
lgbm,59,0.16093,0.14497
lgbm,60,0.40414,0.42855
lgbm,61,0.00000,0.00000
lgbm,62,0.52113,0.33703
lgbm,63,0.01709,0.01328
lgbm,64,0.38350,0.57512
lgbm,65,0.36454,0.28224
lgbm,66,0.00000,0.00000
lgbm,67,0.41320,0.49810
lgbm,68,0.05815,0.03299
lgbm,69,0.22060,0.22246
lgbm,70,0.00000,0.00000
lgbm,71,0.05126,0.10898
lgbm,72,0.00000,0.00000
lgbm,73,0.65730,0.42351
lgbm,74,0.01438,0.00962
lgbm,75,0.62324,0.58846
lgbm,76,0.16881,0.19654
lgbm,77,0.00000,0.00000
lgbm,78,0.03335,0.01979
lgbm,79,0.66559,0.58805
lgbm,80,0.88493,0.28979
lgbm,81,0.33624,0.48975
lgbm,82,0.03617,0.12500
lgbm,83,0.18419,0.15265
lgbm,84,0.79238,0.42369
lgbm,85,0.04763,0.04139
lgbm,86,0.55020,0.31416
lgbm,87,0.08848,0.12500
lgbm,88,0.02890,0.02630
lgbm,89,0.31206,0.89701
lgbm,90,0.50147,0.58778
lgbm,91,0.12949,0.12809
lgbm,92,0.00000,0.00000
lgbm,93,0.06331,0.03146
lgbm,94,0.00000,0.00000
lgbm,96,0.00000,0.00000
lgbm,97,0.19341,0.21917
lgbm,98,0.36035,0.88293
lgbm,99,0.19966,0.12735
