runid,topic,ndcg@20,err@20
lgbm,101,0.34180,0.48126
lgbm,102,0.02165,0.00781
lgbm,103,0.47803,0.28081
lgbm,104,0.14966,0.10851
lgbm,105,0.33880,0.22292
lgbm,106,0.02355,0.00625
lgbm,107,0.26321,0.50036
lgbm,108,0.78276,0.58720
lgbm,109,0.06912,0.01786
lgbm,110,0.00000,0.00000
lgbm,111,0.16764,0.19965
lgbm,112,0.00000,0.00000
lgbm,113,0.00000,0.00000
lgbm,114,0.09419,0.08577
lgbm,115,0.04964,0.01250
lgbm,116,0.24776,0.56068
lgbm,117,0.11893,0.23799
lgbm,118,0.30648,0.25339
lgbm,119,0.25142,0.17900
lgbm,120,0.00000,0.00000
lgbm,121,0.21782,0.29388
lgbm,122,0.05461,0.01042
lgbm,123,0.37135,0.18667
lgbm,124,0.14821,0.28053
lgbm,125,0.08387,0.09147
lgbm,126,0.00000,0.00000
lgbm,127,0.50604,0.54725
lgbm,128,0.08141,0.06736
lgbm,129,0.01244,0.04167
lgbm,130,0.24261,0.30028
lgbm,131,0.00000,0.00000
lgbm,132,0.28570,0.28482
lgbm,133,0.59427,0.27363
lgbm,134,0.10833,0.05008
lgbm,135,0.37029,0.14844
lgbm,136,0.14204,0.87500
lgbm,137,0.23492,0.27240
lgbm,138,0.47588,0.23619
lgbm,139,0.32030,0.24433
lgbm,140,0.12837,0.12500
lgbm,141,0.17952,0.09362
lgbm,142,0.17427,0.08549
lgbm,143,0.00000,0.00000
lgbm,144,0.14294,0.16105
lgbm,145,0.21424,0.16253
lgbm,146,0.42162,0.17626
lgbm,147,0.47570,0.48259
lgbm,148,0.36344,0.29169
lgbm,149,0.50019,0.12592
lgbm,150,0.11752,0.04167
