runid,topic,ndcg@20,err@20
lgbm,1,0.41738,0.25787
lgbm,10,0.22345,0.77954
lgbm,11,0.62150,0.86292
lgbm,12,0.47608,0.78983
lgbm,13,0.05873,0.03947
lgbm,14,0.84294,0.86305
lgbm,15,0.66779,0.85725
lgbm,16,0.28506,0.42026
lgbm,17,0.40881,0.82290
lgbm,18,0.39560,0.31963
lgbm,19,0.00000,0.00000
lgbm,2,0.52849,0.57560
lgbm,21,0.52484,0.86288
lgbm,22,0.56050,0.51106
lgbm,23,0.18475,0.42172
lgbm,24,0.05813,0.25938
lgbm,25,0.39777,0.78092
lgbm,26,0.62764,0.45030
lgbm,27,0.49056,0.22935
lgbm,28,0.50051,0.58702
lgbm,29,0.22441,0.25637
lgbm,3,0.31044,0.78933
lgbm,30,0.31057,0.44329
lgbm,31,0.37528,0.40822
lgbm,32,0.04727,0.05937
lgbm,33,0.26704,0.41507
lgbm,34,0.19040,0.19579
lgbm,35,0.81840,0.86305
lgbm,36,0.11273,0.37188
lgbm,37,0.16081,0.07500
lgbm,38,0.12247,0.31452
lgbm,39,0.27263,0.42991
lgbm,4,0.00000,0.00000
lgbm,40,0.36937,0.27850
lgbm,41,0.54565,0.83857
lgbm,42,0.00000,0.00000
lgbm,43,0.55055,0.31869
lgbm,44,0.00000,0.00000
lgbm,45,0.30567,0.44325
lgbm,46,0.56503,0.85935
lgbm,47,0.58329,0.57450
lgbm,48,0.18158,0.24420
lgbm,49,0.08542,0.05973
lgbm,5,0.50331,0.53965
lgbm,50,0.11306,0.13616
lgbm,6,0.03939,0.04412
lgbm,7,0.36797,0.85709
lgbm,8,0.05476,0.25000
lgbm,9,0.09786,0.29950
